


00525575391233
00525575391241
00525575391235
00525575391253
00525575391262
00525575391250
00525575391280
00525575391322
00525575391304
00525575391286
00525575391516
00525575391294
00525575391344
00525575391345
00525575391355
00525575391347
00525575391313
00525575391493
00525575391400
00525575391459
00525575391378
00525575391302
00525575391534
00525575391418
00525575391468
00525575391497
00525575391281
00525575391357
00525575391380
00525575391657
00525575391348
00525575391471
00525575391713
00525575391543
00525575391358
00525575391354
00525575391599
00525575391671
00525575391611
00525575391501
00525575391362
00525575391544
00525575391569
00525575391621
00525575391558
00525575391559
00525575391492
00525575391588
00525575391456
00525575391596
00525575391681
00525575391349
00525575391834
00525575391527
00525575391649
00525575391574
00525575391410
00525575391590
00525575392080
00525575391709
00525575391757
00525575391431
00525575391708
00525575391457
00525575391486
00525575391761
00525575391593
00525575391337
00525575391647
00525575391735
00525575391573
00525575391686
00525575391814
00525575391806
00525575391603
00525575392065
00525575391537
00525575391823
00525575391871
00525575391665
00525575391639
00525575391731
00525575392051
00525575391889
00525575391943
00525575391869
00525575391552
00525575391876
00525575392020
00525575391833
00525575392039
00525575391964
00525575392056
00525575391724
00525575391482
00525575391922
00525575391787
00525575391682
00525575391872
00525575392068
00525575391511
00525575392166
00525575391937
00525575391911
00525575391895
00525575392017
00525575391691
00525575392043
00525575391859
00525575392018
00525575391913
00525575391961
00525575391939
00525575391885
00525575392044
00525575391899
00525575391898
00525575391847
00525575391903
00525575392225
00525575391975
00525575392155
00525575392123
00525575391736
00525575391928
00525575392086
00525575391962
00525575391609
00525575391790
00525575392028
00525575391617
00525575391755
00525575391995
00525575392174
00525575391764
00525575391942
00525575392069
00525575392171
00525575392178
00525575391782
00525575392014
00525575392118
00525575391822
00525575391792
00525575392185
00525575392217
00525575391896
00525575392055
00525575391624
00525575392111
00525575392100
00525575392029
00525575392109
00525575391970
00525575392196
00525575391983
00525575392148
00525575392134

0034604230023
0034604230035
0034604230016
0034604230084
0034604230060
0034604230073
0034604230108
0034604230047
0034604230107
0034604230142
0034604230039
0034604230036
0034604230017
0034604230192
0034604230214
0034604230219
0034604230082
0034604230014
0034604230130
0034604230185
0034604230071
0034604230230
0034604230040
0034604230298
0034604230068
0034604230168
0034604230021
0034604230024
0034604230015
0034604230031
0034604230092
0034604230340
0034604230221
0034604230043
0034604230050
0034604230209
0034604230370
0034604230137
0034604230144
0034604230090
0034604230054
0034604230154
0034604230146
0034604230150
0034604230161
0034604230303
0034604230025
0034604230172
0034604230299
0034604230156
0034604230363
0034604230064
0034604230167
0034604230110
0034604230056
0034604230278
0034604230018
0034604230070
0034604230261
0034604230570
0034604230329
0034604230360
0034604230332
0034604230364
0034604230280
0034604230631
0034604230342
0034604230151
0034604230186
0034604230046
0034604230302
0034604230277
0034604230072
0034604230336
0034604230103
0034604230094
0034604230450
0034604230279
0034604230078
0034604230503
0034604230484
0034604230426
0034604230170
0034604230052
0034604230346
0034604230083
0034604230338
0034604230252
0034604230243
0034604230416
0034604230189
0034604230376
0034604230233
0034604230246
0034604230226
0034604230661
0034604230208
0034604230391
0034604230289
0034604230641
0034604230143
0034604230202
0034604230240
0034604230572
0034604230423
0034604230603
0034604230527
0034604230133
0034604230304
0034604230169
0034604230310
0034604230587
0034604230405
0034604230249
0034604230497
0034604230607
0034604230791
0034604230131
0034604230087
0034604230778
0034604230401
0034604230467
0034604230301
0034604230354
0034604230479
0034604230486
0034604230465
0034604230455
0034604230461
0034604230559
0034604230532
0034604230059
0034604230074
0034604230231
0034604230389
0034604230498
0034604230183
0034604230347
0034604230184
0034604230284
0034604230140
0034604230521
0034604230179
0034604230309
0034604230080
0034604230694
0034604230229
0034604230693
0034604230418
0034604230899
0034604230575
0034604230436
0034604230239
0034604230337
0034604230629
0034604230352
0034604230602
0034604230322
0034604230696
0034604230058
0034604230198
0034604230905
0034604230394
0034604230638
0034604230228
0034604230159
0034604230451
0034604230650
0034604230734
0034604230076
0034604230287
0034604230260
0034604230495
0034604230201
0034604230468
0034604230443
0034604230891
0034604230691
0034604230454
0034604230530
0034604230253
0034604230282
0034604230783
0034604230462
0034604230909
0034604230720
0034604230653
0034604230605
0034604230658
0034604230600
0034604230562
0034604230442
0034604230713
0034604230708
0034604230580
0034604230620
0034604230782
0034604230519
0034604230535
0034604230725
0034604230283
0034604230811
0034604230487
0034604230547
0034604230241
0034604230294
0034604230626
0034604230343
0034604230633
0034604230617
0034604230609
0034604230245
0034604230422
0034604230428
0034604230291
0034604230504
0034604230081
0034604230715
0034604230656
0034604230687
0034604230236
0034604230390
0034604230175
0034604230712
0034604230683
0034604230489
0034604230276
0034604230470
0034604230721
0034604230722
0034604230417
0034604230771
0034604230275
0034604230197
0034604230657
0034604230643
0034604230697
0034604230601
0034604230501
0034604230788
0034604230707
0034604230702
0034604230728
0034604230106
0034604230155
0034604230533
0034604230612
0034604230845
0034604230637
0034604230830
0034604230117
0034604230886
0034604230784
0034604230460
0034604230679
0034604230893
0034604230293
0034604230522
0034604230481
0034604230392
0034604230553
0034604230244
0034604230362
0034604230636
0034604230523
0034604230539
0034604230652
0034604230425
0034604230711
0034604230274
0034604230509
0034604230396
0034604230494
0034604230825
0034604230541
0034604230795
0034604230628
0034604230596
0034604230810
0034604230768
0034604230868
0034604230827
0034604230578
0034604230706
0034604230306
0034604230871
0034604230223
0034604230518
0034604230583
0034604230549
0034604230821
0034604230677
0034604230846
0034604230554
0034604230910
0034604230295
0034604230400
0034604230817
0034604230480
0034604230542
0034604230887
0034604230262
0034604230265
0034604230877
0034604230630
0034604230709
0034604230669
0034604230544
0034604230308
0034604230881
0034604230429
0034604230411
0034604230785
0034604230674
0034604230814
0034604230382
0034604230586
0034604230834
0034604230755
0034604230561
0034604230733
0034604230832
0034604230748
0034604230757
0034604230798
0034604230505
0034604230688
0034604230724
0034604230615
0034604230826
0034604230545
0034604230866
0034604230892
0034604230882
0034604230447
0034604230513
0034604230873
0034604230412
0034604230569
0034604230853
0034604230896
0034604230548
0034604230576
0034604230851
0034604230764
0034604230647
0034604230754
0034604230689
0034604230820
0034604230803
0034604230727
0034604230621
0034604230735
0034604230437
0034604230813
0034604230574
0034604230828
0034604230857
0034604230779
0034604230529
0034604230667
0034604230705
0034604230762
0034604230878
0034604230812
0034604230900
0034604230848
0034604230599
0034604230794
0034604230796
0034604230675
0034604230624
0034604230839
0034604230842
0034604230573
0034604230673
0034604230726
0034604230869
0034604230701
0034604230844
0034604230710
0034604230472
0034604230525
0034604230914
0034604230872
0034604230469
0034604230797
0034604230856
0034604230704
0034604230581
0034604230855
0034604230824
0034604230718
0034604230616
0034604230906
0034604230901
0034604230775
0034604230438
0034604230875
0034604230682
0034604230745
0034604230639
0034604230818
0034604230714
0034604230670
0034604230895
0034604230595
0034604230515
0034604230883
0034604230885
0034604230809
0034604230758
0034604230806
0034604230841
0034604230913
0034604230793
0034604230767

005491167865390
005491167865396
005491167865397
005491167865387
005491167865410
005491167865413
005491167865385
005491167865406
005491167865402
005491167865401
005491167865408
005491167865399
005491167865417
005491167865411
005491167865452
005491167865539
005491167865429
005491167865469
005491167865464
005491167865488
005491167865471
005491167865457
005491167865416
005491167865441
005491167865426
005491167865544
005491167865626
005491167865439
005491167865422
005491167865487
005491167865542
005491167865504
005491167865602
005491167865708
005491167865577
005491167865421
005491167865493
005491167865434
005491167865645
005491167865526
005491167865442
005491167865583
005491167865559
005491167865659
005491167865759
005491167865558
005491167865580
005491167865506
005491167865594
005491167865627
005491167865807
005491167865664
005491167865816
005491167865496
005491167865513
005491167865443
005491167865705
005491167865833
005491167865770
005491167865423
005491167865589
005491167865890
005491167865799
005491167865600
005491167865742
005491167865706
005491167865588
005491167865732
005491167865485
005491167865930
005491167865837
005491167865635
005491167865574
005491167865512
005491167865686
005491167865610
005491167865572
005491167865646
005491167865553
005491167865565
005491167865847
005491167865765
005491167865546
005491167865874
005491167865498
005491167865764
005491167865730
005491167865492
005491167865490
005491167865568
005491167865793
005491167865605
005491167865476
005491167865913
005491167865769
005491167865914
005491167865940
005491167865782
005491167865809
005491167865653
005491167865736
005491167865907
005491167865532
005491167865717
005491167865522
005491167865566
005491167865478
005491167865722
005491167865986
005491167865500
005491167866057
005491167865801
005491167865823
005491167866135
005491167866077
005491167865771
005491167865543
005491167865643
005491167865797
005491167865622
005491167865483
005491167865685
005491167865760
005491167865731
005491167865851
005491167866090
005491167865747
005491167865783
005491167866280
005491167865695
005491167865625
005491167865887
005491167865960
005491167865863
005491167865556
005491167865535
005491167865552
005491167865831
005491167865503
005491167865916
005491167865660
005491167866020
005491167865857
005491167865652
005491167866003
005491167865854
005491167865780
005491167865961
005491167865921
005491167865790
005491167865501
005491167865733
005491167865787
005491167866207
005491167865866
005491167865692
005491167865829
005491167865772
005491167866061
005491167866111
005491167865950
005491167866205
005491167865727
005491167866223
005491167865855
005491167866307
005491167866228
005491167865640
005491167866337
005491167866204
005491167866009
005491167866050
005491167865569
005491167865776
005491167866219
005491167866165
005491167865709
005491167866369
005491167865915
005491167866324
005491167865607
005491167866132
005491167865519
005491167865554
005491167865628
005491167865897
005491167866296
005491167866166
005491167866027
005491167865743
005491167865599
005491167865879
005491167866058
005491167865919
005491167866345
005491167866341
005491167865751
005491167865880
005491167865911
005491167866062
005491167865606
005491167865990
005491167866276
005491167866329
005491167866152
005491167865820
005491167865984
005491167866073
005491167865775
005491167865931
005491167866086
005491167865850
005491167865795
005491167866258
005491167865910
005491167865827
005491167865937
005491167866255
005491167866153
005491167866012
005491167866029
005491167866362
005491167866239
005491167865992
005491167866233
005491167865967
005491167866234
005491167866174
005491167865904
005491167865619
005491167866000
005491167865841
005491167866175
005491167866138
005491167865995
005491167866075
005491167866162
005491167865852
005491167866133
005491167866108
005491167866131
005491167866218
005491167866141
005491167865849
005491167866094
005491167865875
005491167866213
005491167866143
005491167866211
005491167866173
005491167866308
005491167866146
005491167865856
005491167866148
005491167866194
005491167866202
005491167866016
005491167865954
005491167865988
005491167866168
005491167866025
005491167866347
005491167865698
005491167865999
005491167866243
005491167866333
005491167866193
005491167866271
005491167866102
005491167866112
005491167866248
005491167866064
005491167865953
005491167865598
005491167865815
005491167865898
005491167865813
005491167866222
005491167866365
005491167866123
005491167866024
005491167866257
005491167866103
005491167866156
005491167866095
005491167866172
005491167866065
005491167866106
005491167866130
005491167866214
005491167866326
005491167866325
005491167866354
005491167866241
005491167865834
005491167866187
005491167865766
005491167865623
005491167866013
005491167866081
005491167866144
005491167866295
005491167865679
005491167866118
005491167866358
005491167866355
005491167866137
005491167866277
005491167865835
005491167865927
005491167866167
005491167866032
005491167866059
005491167865529
005491167866371
005491167866038
005491167866195
005491167866330
005491167865901
005491167865877
005491167865899
005491167866190
005491167866357
005491167866268
005491167866356
005491167865690
005491167866068
005491167866251
005491167865993
005491167866332
005491167865748
005491167865735
005491167866163
005491167866192
005491167866203
005491167866240
005491167866186
005491167866052
005491167865802
005491167866171
005491167866361
005491167865917
005491167866267
005491167866292
005491167866342
005491167865631
005491167865821
005491167865926
005491167865826
005491167866007
005491167866177
005491167866287
005491167866300
005491167866270
005491167866048
005491167866060
005491167866072
