
00491702337752
005491167865413
005491167865476
00436641345785
005491167865417
00436641345741
005491167865506
00491702337799
00491702337715
00491702337760
0079089473181
00491702337809
005491167865452
005491167865498
0034604230014
00491702337736
005491167865496
0079089473206
005491167865421
00447738072613
0034604230015
00447738072527
0079089473195
00436641345800
00491702337814
00436641345794
0079089473214
00436641345679
0079089473232
0079089473260
0034604230031
00436641345787
0034604230017
0079089473210
005491167865401
00447738072555
00436641345756
00447738072539
00447738072588
00491702337719
00436641345778
00436641345769
0079089473220
00491702337811
0079089473203
0079089473180
0079089473200
00436641345776
00491702337717
0079089473152
00525575391281
00436641345757
0034604230043
00491702337749
00491702337773
00491702337748
0034604230023
005491167865429
005491167865390
00436641345746
0079089473256
0079089473223
00491702337795
0079089473187
00491702337818
005491167865471
0079089473144
0079089473250
0079089473199
0034604230035
00491702337829
00491702337803
005491167865387
00436641345703
00525575391304
005491167865441
00436641345750
00491702337730
0079089473158
005491167865478
00491702337712
00491702337751
0079089473188
00491702337724
00436641345690
00436641345764
00436641345710
00525575391337
005491167865485
00436641345799
00525575391233
00436641345728
00525575391348
00436641345735
0079089473251
00436641345687
00436641345752
00436641345775
00436641345712
00491702337826
00436641345697
005491167865490
005491167865504
00436641345727
00436641345772
00491702337774
0079089473259
00491702337766
00436641345725
00447738072556
00436641345692
0079089473230
005491167865493
00436641345793
00436641345718
0079089473211
0034604230040
00525575391345
00436641345765
00525575391347
0079089473253
00436641345691
00525575391250
00447738072627
00491702337805
005491167865500
005491167865396
00436641345696
00436641345702
005491167865469
00491702337733
00436641345688
005491167865488
00491702337778
00491702337767
00525575391302
0079089473258
00447738072564
0079089473217
00491702337786
00436641345685
0079089473219
0079089473262
0079089473221
00525575391280
00447738072560
00525575391318
00436641345753
0079089473208
00491702337754
00436641345689
00436641345796
0079089473151
00436641345695
0079089473173
00491702337779
005491167865410
0079089473226
0079089473163
00491702337770
0034604230039
005491167865416
00436641345768
005491167865439
00491702337723
0079089473191
00447738072572
00447738072617
00436641345795
0079089473224
00436641345777
005491167865464
00436641345759
00436641345743
005491167865406
00447738072578
00491702337823
00447738072629
0079089473160
0079089473249
00436641345739
00491702337791
005491167865503
00436641345747
00447738072586
00447738072553
00436641345763
005491167865487
00491702337728
00436641345740
00491702337783
00447738072608
00436641345751
005491167865402
005491167865457
00447738072633
00436641345682
00436641345737
00491702337716
00491702337707
00436641345766
00491702337819
00491702337822
00491702337828
0034604230024
00491702337800
00436641345762
00491702337720
00525575391253
00436641345686
00525575391241
00491702337734
005491167865408
00525575391344
0034604230021
00436641345681
0034604230036
00436641345707
00447738072590
0079089473234
00436641345683
00491702337756
00436641345684
005491167865411
005491167865426
00436641345744
00436641345782
00525575391294
0079089473148
00447738072614
0079089473177
005491167865423
0079089473202
005491167865397
00447738072562
00436641345780
00525575391354
005491167865434
00491702337802
0079089473240
00491702337739
00436641345717
00436641345713
00436641345738
00491702337776
00436641345770
0079089473176
005491167865483
0079089473236
00491702337744
00447738072637
00436641345749
00525575391322
0034604230025
00447738072612
00491702337817
0079089473149
00525575391355
00491702337827
00436641345767
00436641345701
00525575391286
00491702337743
0079089473155
00491702337713
00436641345699
0079089473185
00491702337738
0034604230016
00447738072615
005491167865501
005491167865443
00491702337722
00436641345791
00525575391235
00436641345760
00436641345680
00491702337785
00525575391262
00491702337789
00436641345788
005491167865399
00491702337710
00491702337816
00436641345720
0079089473161
00491702337709
0079089473207
00447738072570
0079089473142
00436641345755
00436641345797
005491167865422
00447738072581
00491702337762
00447738072528
0079089473168
00436641345761
00447738072547
0079089473167
0079089473237
005491167865385
00525575391349
005491167865492
00447738072585
00525575391313
0034604230018
