0079089477724
00447738077117
00447738077068
0079089477638
005491167870534
00436641350255
00525575395822
00525575395797
00436641350201
005491167870550
005491167870504
005491167870537
0079089477703
00436641350211
00447738077092
00491702342225
00491702342227
00447738077066
00525575395825
00525575395755
00491702342231
0079089477736
005491167870533
00436641350217
0079089477707
0079089477727
00436641350205
00436641350227
00491702342244
00436641350221
00491702342222
00436641350235
00491702342248
00447738077101
00436641350265
00447738077121
0079089477743
00491702342246
00491702342299
00436641350204
00491702342329
0079089477759
00436641350281
0079089477644
00436641350218
0079089477652
005491167870481
00491702342266
005491167870487
00436641350242
00436641350234
00436641350243
00491702342206
00447738077100
00525575395834
00491702342268
00447738077064
005491167870561
00491702342258
005491167870489
00491702342311
00436641350200
0079089477745
00436641350209
00436641350229
00447738077102
00447738077036
0079089477705
0079089477739
00525575395764
0079089477681
00491702342215
00447738077126
005491167870567
0079089477666
00447738077116
00436641350191
0079089477641
005491167870447
00491702342247
00436641350283
00447738077095
00436641350193
00436641350245
00491702342302
005491167870503
00447738077087
0079089477735
0079089477753
0079089477647
00491702342212
0079089477677
00436641350286
0079089477698
00436641350302
00491702342322
005491167870549
00436641350278
005491167870502
00447738077074
00491702342317
00491702342267
0079089477695
0079089477659
00436641350197
00436641350287
00436641350185
00491702342257
00436641350300
00436641350240
0079089477692
005491167870519
0079089477749
00491702342324
00491702342223
005491167870520
005491167870510
00491702342238
005491167870507
005491167870545
0079089477754
00436641350179
00447738077118
00447738077045
00447738077061
00447738077031
0079089477715
00436641350178
00525575395802
00491702342298
00436641350262
00491702342208
0079089477726
00525575395817
00436641350199
00436641350293
00491702342254
00491702342310
00491702342259
00436641350223
00436641350251
00491702342241
005491167870482
00525575395813
00436641350299
00436641350246
00491702342288
00491702342309
00436641350219
00436641350289
00436641350238
00436641350280
005491167870564
00491702342205
0079089477691
00447738077130
00436641350272
00447738077067
00491702342221
00436641350215
00525575395786
00436641350288
00491702342295
00491702342314
00491702342264
0079089477751
0079089477755
00436641350214
00436641350233
00491702342239
0079089477710
00436641350282
005491167870454
0079089477699
00491702342297
005491167870548
00491702342218
005491167870544
00436641350290
0079089477746
00525575395804
005491167870511
00525575395749
0079089477660
00491702342278
005491167870451
0079089477682
00436641350277
00525575395854
005491167870515
005491167870505
0079089477744
00447738077049
00436641350207
00436641350184
00491702342321
005491167870449
0079089477667
00436641350256
00491702342290
00491702342229
00491702342219
00447738077127
00436641350232
00436641350190
0079089477719
00491702342282
00436641350268
00436641350208
00491702342277
0079089477678
00491702342281
00436641350222
005491167870483
0079089477658
0079089477663
00447738077030
00436641350298
00491702342251
0079089477665
00447738077050
0079089477704
005491167870557
00436641350249
005491167870499
00491702342235
00491702342232
0079089477729
0079089477708
0079089477640
00491702342328
00491702342315
005491167870460
00436641350188
00436641350252
00491702342326
00491702342284
00491702342294
0079089477737
00525575395787
00491702342305
00491702342270
0079089477679
00491702342210
00525575395828
00447738077016
00447738077128
005491167870455
005491167870535
00447738077034
005491167870560
00525575395801
005491167870479
005491167870450
00436641350213
00436641350258
00447738077114
00436641350250
00447738077134
0079089477649
00491702342211
005491167870463
00447738077024
00447738077077
00491702342269
00436641350182
00436641350264
0079089477731
00525575395760
00436641350295
00491702342230
00436641350301
00491702342300
005491167870539
00436641350198
005491167870541
00436641350257
00436641350202
0079089477716
00491702342242
00447738077129
00525575395781
