0079089475195
005491167867977
0034604231919
0034604232040
0034604231942
00491702339815
005491167867993
0034604232017
0034604232014
00525575393305
0079089475229
00491702339797
0034604232024
005491167868000
00491702339705
0079089475220
0079089475211
0034604231986
0034604231950
0034604231945
00491702339809
005491167868032
0034604231962
00491702339826
005491167868030
005491167867973
005491167867989
00447738074610
0034604231952
00491702339717
00447738074597
005491167868056
0034604231929
005491167868014
00491702339795
00447738074526
005491167868018
0079089475192
005491167868066
00491702339781
005491167867976
0034604231963
005491167868022
005491167868008
0034604231944
005491167868061
00491702339802
005491167867990
0034604231932
005491167868021
00447738074598
00491702339801
0034604231994
00447738074569
00447738074567
00491702339710
00491702339794
00447738074559
0034604231979
00491702339773
0079089475258
0079089475170
0034604231969
0079089475205
00525575393330
00491702339765
00525575393319
0034604231921
0079089475214
0034604232021
005491167868037
00491702339806
00525575393278
00491702339757
00491702339800
0034604231993
0034604231948
005491167868019
00447738074622
0034604232036
0034604231927
0034604231943
00525575393238
00491702339788
0034604231923
00447738074562
0079089475232
0034604232023
005491167867975
00491702339812
0079089475169
0034604231965
0079089475154
0034604231934
00525575393289
00491702339824
00525575393333
005491167868010
0034604231966
0079089475176
005491167867955
00447738074552
00447738074570
00447738074617
0079089475223
00491702339808
005491167867944
00447738074587
0034604231984
0034604231924
0034604231947
0079089475252
0079089475216
0079089475148
005491167867963
0034604231959
0079089475194
00447738074564
0079089475189
005491167868034
0079089475256
00491702339803
00491702339829
0034604232039
005491167868016
005491167868027
00525575393287
00491702339725
00447738074561
005491167868059
0079089475247
0034604231968
00491702339721
005491167868026
00447738074554
0034604232013
00447738074537
00447738074525
0034604231964
0034604231931
005491167868040
005491167867999
0079089475196
0034604232031
0034604231938
00491702339727
00525575393257
0079089475168
00447738074611
00525575393233
00491702339706
00525575393325
0034604232004
0034604231940
0034604231982
00491702339749
00491702339743
0034604231925
00491702339760
0079089475186
00447738074624
0079089475208
00525575393260
0034604232010
00525575393306
00491702339756
00525575393266
00447738074575
00525575393291
00491702339775
0034604232042
00525575393286
0034604231926
0079089475159
00491702339713
0034604232032
0034604232026
0079089475162
00447738074623
00491702339819
005491167868020
00491702339742
005491167868044
00447738074628
0034604231996
00491702339751
0034604231971
0034604232029
0034604232001
00447738074608
0034604231991
00525575393244
00491702339780
00525575393308
00491702339738
00447738074540
00491702339822
00491702339747
0034604232002
005491167868031
00491702339814
00447738074557
005491167868042
00447738074615
00491702339709
005491167868025
00491702339759
00491702339730
00491702339813
005491167868024
00491702339767
00491702339790
0034604231967
005491167868007
0034604231961
0034604231951
0034604231980
0034604232015
005491167868063
0034604231972
0034604232043
00491702339744
0034604231957
0034604231990
00525575393350
0079089475206
00447738074551
00447738074547
00525575393329
0079089475200
005491167867979
00491702339737
00491702339768
0034604231985
0034604232028
0079089475245
00491702339754
00491702339825
00525575393322
00525575393259
005491167868017
0034604231981
00491702339716
00447738074614
005491167867994
0079089475147
0079089475201
00491702339796
005491167867945
00491702339734
00525575393236
0034604231974
00447738074629
005491167867947
00491702339816
00491702339827
0079089475242
0079089475249
0079089475222
0079089475193
0079089475198
00491702339811
0034604231928
00491702339722
0079089475172
0034604232016
0079089475163
0034604232018
005491167867958
00447738074619
0079089475215
00491702339736
00491702339714
0079089475149
0079089475150
0034604231954
005491167868009
00491702339718
005491167867962
0034604232035
00447738074585
