005491167865390
005491167865396
005491167865397
005491167865387
005491167865410
005491167865413
005491167865385
005491167865406
005491167865402
005491167865401
005491167865408
005491167865399
005491167865417
005491167865411
005491167865452
005491167865539
005491167865429
005491167865469
005491167865464
005491167865488
005491167865471
005491167865457
005491167865416
005491167865441
005491167865426
005491167865544
005491167865626
005491167865439
005491167865422
005491167865487
005491167865542
005491167865504
005491167865602
005491167865708
005491167865577
005491167865421
005491167865493
005491167865434
005491167865645
005491167865526
005491167865442
005491167865583
005491167865559
005491167865659
005491167865759
005491167865558
005491167865580
005491167865506
005491167865594
005491167865627
005491167865807
005491167865664
005491167865816
005491167865496
005491167865513
005491167865443
005491167865705
005491167865833
005491167865770
005491167865423
005491167865589
005491167865890
005491167865799
005491167865600
005491167865742
005491167865706
005491167865588
005491167865732
005491167865485
005491167865930
005491167865837
005491167865635
005491167865574
005491167865512
005491167865686
005491167865610
005491167865572
005491167865646
005491167865553
005491167865565
005491167865847
005491167865765
005491167865546
005491167865874
005491167865498
005491167865764
005491167865730
005491167865492
005491167865490
005491167865568
005491167865793
005491167865605
005491167865476
005491167865913
005491167865769
005491167865914
005491167865940
005491167865782
005491167865809
005491167865653
005491167865736
005491167865907
005491167865532
005491167865717
005491167865522
005491167865566
005491167865478
005491167865722
005491167865986
005491167865500
005491167866057
005491167865801
005491167865823
005491167866135
005491167866077
005491167865771
005491167865543
005491167865643
005491167865797
005491167865622
005491167865483
005491167865685
005491167865760
005491167865731
005491167865851
005491167866090
005491167865747
005491167865783
005491167866280
005491167865695
005491167865625
005491167865887
005491167865960
005491167865863
005491167865556
005491167865535
005491167865552
005491167865831
005491167865503
005491167865916
005491167865660
005491167866020
005491167865857
005491167865652
005491167866003
005491167865854
005491167865780
005491167865961
005491167865921
005491167865790
005491167865501
005491167865733
005491167865787
005491167866207
005491167865866
005491167865692
005491167865829
005491167865772
005491167866061
005491167866111
005491167865950
005491167866205
005491167865727
005491167866223
005491167865855
005491167866307
005491167866228
005491167865640
005491167866337
005491167866204
005491167866009
005491167866050
005491167865569
005491167865776
005491167866219
005491167866165
005491167865709
005491167866369
005491167865915
005491167866324
005491167865607
005491167866132
005491167865519
005491167865554
005491167865628
005491167865897
005491167866296
005491167866166
005491167866027
005491167865743
005491167865599
005491167865879
005491167866058
005491167865919
005491167866345
005491167866341
005491167865751
005491167865880
005491167865911
005491167866062
005491167865606
005491167865990
005491167866276
005491167866329
005491167866152
005491167865820
005491167865984
005491167866073
005491167865775
005491167865931
005491167866086
005491167865850
005491167865795
005491167866258
005491167865910
005491167865827
005491167865937
005491167866255
005491167866153
005491167866012
005491167866029
005491167866362
005491167866239
005491167865992
005491167866233
005491167865967
005491167866234
005491167866174
005491167865904
005491167865619
005491167866000
005491167865841
005491167866175
005491167866138
005491167865995
005491167866075
005491167866162
005491167865852
005491167866133
005491167866108
005491167866131
005491167866218
005491167866141
005491167865849
005491167866094
005491167865875
005491167866213
005491167866143
005491167866211
005491167866173
005491167866308
005491167866146
005491167865856
005491167866148
005491167866194
005491167866202
005491167866016
005491167865954
005491167865988
005491167866168
005491167866025
005491167866347
005491167865698
005491167865999
005491167866243
005491167866333
005491167866193
005491167866271
005491167866102
005491167866112
005491167866248
005491167866064
005491167865953
005491167865598
005491167865815
005491167865898
005491167865813
005491167866222
005491167866365
005491167866123
005491167866024
005491167866257
005491167866103
005491167866156
005491167866095
005491167866172
005491167866065
005491167866106
005491167866130
005491167866214
005491167866326
005491167866325
005491167866354
005491167866241
005491167865834
005491167866187
005491167865766
005491167865623
005491167866013
005491167866081
005491167866144
005491167866295
005491167865679
005491167866118
005491167866358
005491167866355
005491167866137
005491167866277
005491167865835
005491167865927
005491167866167
005491167866032
005491167866059
005491167865529
005491167866371
005491167866038
005491167866195
005491167866330
005491167865901
005491167865877
005491167865899
005491167866190
005491167866357
005491167866268
005491167866356
005491167865690
005491167866068
005491167866251
005491167865993
005491167866332
005491167865748
005491167865735
005491167866163
005491167866192
005491167866203
005491167866240
005491167866186
005491167866052
005491167865802
005491167866171
005491167866361
005491167865917
005491167866267
005491167866292
005491167866342
005491167865631
005491167865821
005491167865926
005491167865826
005491167866007
005491167866177
005491167866287
005491167866300
005491167866270
005491167866048
005491167866060
005491167866072
