0079089475676
0079089475702
00491702340293
005491167868472
0034604232462
00447738075045
00447738075030
00491702340287
0079089475684
0079089475721
00447738075064
00447738075125
00447738075099
0034604232520
0034604232423
00491702340275
0034604232454
0079089475716
0034604232486
0034604232530
0079089475677
0034604232489
0079089475748
00491702340216
0034604232464
0034604232447
00491702340231
00491702340214
0034604232515
005491167868512
00447738075062
00447738075014
00447738075057
005491167868456
0034604232474
005491167868519
0034604232496
00491702340259
00491702340294
0079089475671
00491702340295
0034604232526
0079089475657
0079089475640
00447738075054
00491702340310
0079089475738
0034604232491
005491167868479
00447738075104
005491167868450
00447738075116
0079089475694
005491167868506
0079089475700
00491702340206
0034604232488
00491702340242
0079089475693
0079089475731
0034604232437
0079089475650
00447738075053
0034604232421
0034604232439
00491702340218
0079089475718
00447738075033
00491702340329
00525575393807
005491167868567
00447738075071
0079089475711
0079089475701
00491702340219
005491167868453
0079089475713
0079089475707
00525575393854
00491702340327
00447738075022
0079089475739
00491702340252
0079089475664
0079089475704
005491167868488
0034604232500
00491702340271
00447738075080
00491702340282
00491702340311
0034604232436
00447738075074
00491702340207
00447738075085
005491167868478
005491167868458
0079089475643
005491167868533
00447738075036
005491167868539
0034604232492
005491167868467
00491702340265
00491702340328
0079089475733
00447738075096
0079089475758
005491167868518
0079089475681
00447738075137
00447738075020
00447738075029
0034604232467
00491702340222
00447738075078
005491167868559
00447738075117
0079089475742
00491702340241
0079089475743
00491702340303
00491702340261
00491702340243
0034604232513
00447738075114
0079089475709
0034604232450
00525575393841
00525575393734
0034604232535
00491702340208
00491702340285
005491167868446
0034604232465
00491702340316
00491702340309
0034604232478
0034604232494
0079089475726
00491702340248
0079089475719
0034604232510
0034604232505
0034604232441
0034604232431
00491702340246
00447738075100
0079089475762
00491702340225
005491167868551
00491702340247
005491167868498
00491702340319
005491167868520
0079089475672
0034604232475
00491702340302
0034604232443
00491702340324
0079089475647
00491702340321
0034604232458
00447738075108
0034604232521
0079089475678
0079089475736
00447738075066
005491167868483
00447738075042
00447738075124
0079089475692
0034604232508
005491167868507
005491167868544
0079089475722
00447738075131
00447738075025
00447738075043
00491702340274
00491702340240
00525575393810
00491702340239
00447738075122
00447738075028
0034604232504
00491702340234
0079089475696
0034604232471
00491702340299
00491702340262
00447738075105
005491167868509
00525575393837
00491702340272
0079089475655
0079089475754
00525575393766
005491167868464
00491702340315
0034604232502
0079089475691
00447738075058
0034604232484
0034604232483
0034604232445
00491702340305
005491167868476
00447738075031
00447738075109
00491702340320
00491702340266
00447738075021
00447738075079
0034604232524
00491702340257
0034604232480
00525575393760
0079089475710
0034604232534
00491702340228
00491702340205
00525575393784
00491702340233
005491167868486
0034604232485
00491702340209
0079089475737
0079089475761
00447738075092
0079089475756
0034604232426
0079089475662
0079089475654
0034604232509
0034604232457
0034604232529
00525575393733
00447738075019
005491167868528
005491167868484
0079089475744
00447738075082
0079089475745
00525575393797
0034604232542
00491702340322
00491702340220
00491702340244
00447738075065
005491167868523
005491167868532
0079089475667
00491702340235
00491702340221
0079089475674
00491702340270
0034604232476
00447738075084
0079089475717
0034604232430
00525575393843
00491702340284
005491167868487
005491167868463
0034604232468
0034604232499
0034604232528
005491167868527
0079089475755
0034604232419
