0079089480029
00436641352574
0034604236885
00436641352625
00491702344591
00491702344587
005491167872929
0034604236875
0034604236861
0079089480129
00525575398226
00491702344645
005491167872869
00447738079479
00491702344614
00436641352605
0034604236850
00491702344621
00447738079434
005491167872931
0079089480097
0034604236902
00436641352608
0034604236841
005491167872899
00436641352648
005491167872918
00525575398168
0079089480046
00436641352615
0034604236799
00491702344700
0034604236889
00436641352612
00491702344617
0079089480062
00447738079450
00491702344683
0079089480100
00436641352624
0034604236900
00447738079460
0079089480024
005491167872864
00447738079407
00447738079410
00436641352670
0034604236862
00491702344644
0079089480048
0034604236823
00491702344697
00436641352568
005491167872915
0034604236805
0034604236910
0034604236915
00491702344680
0079089480080
00436641352665
0034604236917
00436641352563
0034604236827
00436641352567
0079089480124
0079089480119
00491702344685
00447738079395
00447738079448
00436641352677
00436641352641
00525575398170
0079089480082
0034604236893
00436641352661
00491702344650
005491167872906
00436641352671
00491702344599
00491702344689
0079089480072
0079089480061
005491167872877
005491167872934
00447738079476
005491167872927
00436641352631
005491167872854
005491167872870
00491702344701
00491702344651
0034604236865
0034604236911
0079089480070
00491702344636
0079089480122
00491702344646
0034604236842
005491167872939
00447738079452
0034604236807
00436641352559
005491167872926
0034604236849
005491167872851
0034604236845
0079089480113
00436641352659
005491167872887
0079089480125
00436641352586
0079089480103
0034604236829
00525575398158
00447738079408
00491702344677
00525575398110
00436641352626
00447738079409
00491702344652
005491167872844
00436641352662
0034604236821
00436641352565
00525575398139
0079089480055
00436641352616
00447738079489
00491702344684
0034604236914
0034604236868
00525575398198
0079089480067
00525575398160
00491702344589
00436641352557
0079089480043
00436641352558
00491702344580
005491167872821
00436641352618
00491702344609
00436641352572
0079089480038
0079089480091
00491702344620
005491167872913
00436641352646
00436641352635
00436641352668
0079089480128
005491167872828
0034604236833
00436641352674
00436641352561
0079089480025
005491167872837
00436641352583
00436641352623
0034604236890
0034604236835
0079089480121
0034604236851
00436641352599
00491702344655
005491167872901
0079089480069
00525575398200
0079089480116
005491167872874
00447738079415
00436641352663
005491167872862
0034604236909
00436641352607
0079089480112
00525575398148
00491702344666
00491702344585
0034604236860
0034604236843
00447738079458
00436641352577
00436641352603
0034604236848
0079089480133
00436641352610
0079089480111
00436641352576
005491167872932
005491167872853
00436641352592
00436641352585
00491702344660
00447738079496
00436641352619
0034604236813
00447738079417
0034604236816
00447738079484
005491167872848
0034604236818
0034604236836
00447738079416
00491702344598
0034604236798
00491702344667
00436641352575
00447738079401
00491702344618
00447738079393
00491702344692
0034604236839
00436641352582
00525575398149
0034604236908
00491702344656
00491702344642
00447738079500
00491702344603
0079089480098
00447738079418
00491702344616
0079089480117
00491702344675
0034604236878
00491702344682
00447738079446
00447738079449
0034604236858
0079089480110
0079089480083
0079089480036
00491702344602
00525575398141
00447738079493
0034604236883
0034604236856
0034604236886
00436641352562
00491702344695
005491167872940
0034604236874
00491702344595
00436641352656
0079089480108
00447738079435
0034604236830
0034604236837
00436641352588
005491167872845
00436641352676
00491702344694
0034604236800
0079089480019
00447738079480
0079089480107
00525575398150
0034604236808
00436641352589
00436641352633
005491167872908
00491702344600
00447738079469
00447738079477
00491702344630
00436641352569
00491702344641
0034604236899
0034604236870
005491167872920
00491702344597
00436641352555
0034604236824
00436641352667
00447738079422
00491702344624
0034604236814
00525575398216
0034604236897
00491702344586
0034604236803
00491702344669
00525575398114
0079089480063
0079089480073
00491702344686
00436641352596
0034604236806
00436641352644
005491167872898
00436641352597
0079089480059
0079089480047
00447738079447
00447738079478
00436641352556
00436641352602
00525575398129
0079089480045
00447738079424
00436641352655
00491702344643
0034604236815
00447738079453
005491167872866
00436641352611
005491167872911
00491702344687
00447738079391
005491167872941
00491702344703
0079089480035
0079089480051
00491702344678
005491167872838
00436641352606
0034604236869
