00436641351723
00436641351730
00436641351750
00447738078529
0034604235922
00525575397243
00491702343775
0034604236042
005491167871978
00436641351751
00436641351745
00436641351707
00491702343791
00436641351771
0079089479201
00447738078585
00436641351758
00447738078588
0079089479200
00436641351762
00491702343736
0034604235972
0079089479188
0034604236038
00436641351702
00447738078610
0079089479222
005491167872058
0034604236005
0079089479174
0034604236013
00436641351773
0034604236028
005491167871969
00436641351781
0079089479215
00447738078523
0034604235980
00525575397292
00491702343717
00436641351757
005491167872065
00436641351712
00436641351744
0079089479147
00447738078559
00491702343730
0034604236018
0034604235963
0079089479165
00491702343812
0079089479247
0034604236004
00436641351787
0034604235930
0079089479151
0079089479210
0034604235937
00491702343798
005491167872032
00491702343749
0034604236040
005491167871948
0079089479235
00447738078578
00436641351699
0034604235941
0079089479244
005491167871963
00447738078579
0034604236014
005491167871982
0034604236031
00491702343722
00436641351738
00436641351693
00525575397261
0034604236002
005491167871961
005491167871951
00447738078602
00436641351716
005491167872052
0079089479197
0079089479157
00525575397323
00525575397339
0034604235921
0079089479220
0034604235959
00525575397238
0034604235945
0034604236022
005491167871946
0034604235923
00436641351801
00436641351732
0079089479251
0034604235985
0079089479158
00447738078584
00447738078542
0079089479195
0034604236001
00491702343826
00447738078624
00491702343729
0034604235955
0034604235974
00447738078547
00447738078629
00436641351802
00436641351741
00525575397274
0079089479184
005491167872019
00436641351776
00447738078611
0079089479241
0034604236043
005491167871991
0079089479164
0079089479231
0034604235982
00491702343786
00491702343789
00491702343823
00436641351684
005491167872051
00436641351783
00491702343718
0034604236021
005491167872016
00447738078575
00491702343757
00447738078601
005491167871976
00525575397308
00447738078520
0079089479202
00447738078614
00491702343714
00447738078591
005491167871996
00491702343735
0034604235943
00491702343741
00491702343781
0034604236019
0079089479194
0079089479182
00447738078608
0034604235929
00491702343794
005491167871959
0034604235971
0079089479212
005491167872011
005491167872014
005491167872031
005491167872049
00491702343810
00491702343795
0079089479243
0079089479167
0034604235958
00491702343802
00436641351719
0034604235951
00491702343732
00436641351734
00436641351800
005491167872020
00491702343809
00436641351686
005491167871994
00525575397330
00491702343796
00525575397320
00491702343760
0034604235948
0079089479155
00436641351687
0034604235970
00525575397344
005491167872002
005491167872009
00447738078537
005491167871975
00525575397275
005491167872066
00491702343770
0034604236037
0034604235933
005491167871999
0079089479256
0034604235940
0034604235993
00491702343746
00436641351766
00447738078524
00436641351752
005491167872041
00436641351772
00436641351777
00447738078540
0034604235966
005491167872025
0079089479154
00491702343829
0079089479176
00436641351768
00491702343797
00436641351690
0034604235946
00436641351764
005491167872008
00491702343719
0034604235973
0034604235925
0034604235960
00491702343763
0079089479260
00436641351767
00491702343733
00447738078625
00525575397327
00491702343705
00491702343721
00436641351697
00447738078527
00491702343753
00436641351778
0034604235986
005491167872048
0079089479226
00436641351796
005491167872061
00436641351683
0079089479211
0034604235991
00491702343716
00447738078548
00447738078606
0034604235950
00491702343765
005491167872050
00491702343801
00491702343824
005491167871977
0079089479253
00447738078599
00436641351788
00525575397258
00436641351754
005491167872024
00491702343777
00436641351737
0034604236017
00447738078558
00491702343803
00447738078545
00436641351691
0079089479161
00525575397242
00436641351797
00491702343731
00447738078634
00491702343773
00436641351789
00436641351706
00436641351700
00491702343816
00436641351733
005491167871970
0034604236032
005491167872013
00525575397237
00436641351708
00436641351717
00525575397314
005491167872044
00491702343772
0034604236039
0034604236011
0079089479163
00491702343790
0079089479224
00525575397298
0034604235931
00436641351746
0034604235952
00447738078631
0034604236003
0034604235962
0079089479237
005491167872033
00447738078577
00436641351710
0079089479186
00436641351798
00436641351727
00436641351681
00491702343720
005491167871949
00491702343778
00525575397349
005491167872038
0079089479252
00447738078594
