00436641345681
00436641345687
00436641345697
00436641345684
00436641345686
00436641345689
00436641345690
00436641345703
00436641345692
00436641345679
00436641345695
00436641345701
00436641345685
00436641345691
00436641345699
00436641345682
00436641345680
00436641345696
00436641345702
00436641345707
00436641345683
00436641345688
00436641345750
00436641345776
00436641345717
00436641345743
00436641345712
00436641345769
00436641345737
00436641345735
00436641345747
00436641345763
00436641345760
00436641345757
00436641345778
00436641345718
00436641345788
00436641345794
00436641345797
00436641345811
00436641345762
00436641345756
00436641345874
00436641345884
00436641345755
00436641345775
00436641345738
00436641345896
00436641345807
00436641345782
00436641345809
00436641345818
00436641345768
00436641345844
00436641345713
00436641345777
00436641345800
00436641345907
00436641345837
00436641345744
00436641345970
00436641345864
00436641345720
00436641345860
00436641345978
00436641345725
00436641345960
00436641345934
00436641345890
00436641345810
00436641345739
00436641345765
00436641345772
00436641345764
00436641345930
00436641345761
00436641345957
00436641345851
00436641345795
00436641345821
00436641345780
00436641345791
00436641345900
00436641345759
00436641345710
00436641345793
00436641345799
00436641345741
00436641345853
00436641345877
00436641345846
00436641345749
00436641345727
00436641345908
00436641345740
00436641345903
00436641345879
00436641345824
00436641345861
00436641345975
00436641345753
00436641345787
00436641345827
00436641345914
00436641345923
00436641345948
00436641345963
00436641345976
00436641345987
00436641345843
00436641345866
00436641345746
00436641345927
00436641345785
00436641345891
00436641345813
00436641345822
00436641345751
00436641345918
00436641345832
00436641345728
00436641345912
00436641345972
00436641345878
00436641345885
00436641345875
00436641345997
00436641345803
00436641345984
00436641345889
00436641345806
00436641345887
00436641345913
00436641345752
00436641345858
00436641345988
00436641345833
00436641345796
00436641345921
00436641345888
00436641345959
00436641345767
00436641345872
00436641345770
00436641345922
00436641345886
00436641345928
00436641345868
00436641345854
00436641345973
00436641345855
00436641345944
00436641345949
00436641345929
00436641345856
00436641345897
00436641345834
00436641345951
00436641345910
00436641345939
00436641345899
00436641345990
00436641345980
00436641345991
00436641345828
00436641345950
00436641345936
00436641345766
00436641345880
00436641345935
00436641345989
00436641345965
00436641345986
00436641345852
00436641345926
00436641345870
00436641345956
00436641345909
00436641345932
00436641345937
00436641345901
00436641345945
00436641345938
00436641345999
00436641345969
00436641345981
00436641345940
00436641345994
