005491167869415
0079089476624
0079089476555
005491167869438
00491702341119
0034604233412
00491702341178
0034604233296
00491702341100
00436641349158
00436641349149
005491167869411
0079089476550
00436641349090
00491702341199
005491167869399
00436641349073
0079089476579
00436641349109
00447738075900
005491167869348
00491702341164
00447738075937
005491167869387
00447738075978
00491702341156
005491167869437
00491702341192
00436641349127
005491167869381
0079089476596
0079089476534
0079089476617
005491167869388
00436641349114
005491167869424
0079089476634
005491167869398
00436641349072
00447738076010
00491702341101
0079089476597
005491167869410
00436641349166
00447738075967
00491702341166
00436641349131
00447738075921
00447738075975
00491702341151
00491702341088
0079089476536
00447738076007
00491702341113
00436641349087
00491702341147
00436641349093
0079089476606
00447738075977
00491702341200
00436641349113
0079089476616
00491702341125
0079089476601
0079089476615
005491167869333
00447738075955
00436641349065
0079089476560
00525575394640
005491167869379
00491702341105
00525575394651
0079089476515
00436641349161
00436641349110
00491702341202
00436641349115
00525575394702
0079089476622
0079089476590
00436641349095
00491702341083
0079089476516
0079089476578
00447738075956
00436641349075
00447738075943
0079089476542
00491702341115
0079089476599
005491167869339
00436641349064
00491702341094
00436641349124
00491702341174
00447738075997
0079089476613
00436641349156
00491702341111
00436641349143
0079089476575
005491167869406
00491702341162
005491167869380
00447738075909
005491167869338
00491702341095
00436641349100
00436641349135
0079089476620
0079089476593
005491167869422
00436641349054
005491167869372
0079089476563
00491702341148
0079089476539
00491702341091
00491702341134
00525575394638
00436641349085
00525575394659
00491702341172
00491702341197
00436641349080
00491702341132
00436641349136
005491167869384
0079089476567
00447738075903
00436641349099
0034604233408
0079089476538
0079089476612
005491167869364
00436641349088
00436641349138
0079089476524
00436641349150
00447738075927
005491167869330
0079089476594
005491167869347
0079089476558
00447738075991
00491702341168
00491702341135
005491167869352
00447738075896
0034604233407
00525575394642
00491702341139
00436641349148
00436641349130
00436641349177
00491702341204
00525575394730
00491702341104
00436641349092
00525575394723
00436641349160
00491702341186
00447738075957
00491702341127
00447738075971
00491702341116
00436641349091
005491167869322
005491167869356
00525575394703
0079089476598
00436641349134
00447738075947
00525575394646
0079089476552
00491702341154
00447738075960
0034604233413
00447738075935
00525575394622
00525575394630
005491167869363
005491167869359
0079089476610
00491702341096
00436641349060
005491167869428
00491702341184
00491702341140
00436641349151
00491702341185
00525575394669
00447738075976
00491702341110
00525575394672
00436641349082
0079089476604
00525575394627
005491167869374
005491167869345
00491702341155
00436641349119
00436641349056
00436641349173
00447738075987
00491702341093
00436641349098
00436641349128
00491702341193
0079089476605
00436641349079
00491702341117
0079089476574
00447738076012
0079089476562
00491702341179
005491167869432
00447738075988
0079089476595
00436641349076
00436641349123
00491702341157
00436641349055
0079089476532
00491702341146
00447738075888
0079089476600
00491702341144
00447738075945
0079089476619
00525575394728
00436641349142
00436641349077
00436641349116
0034604233415
00447738076002
005491167869337
005491167869421
0079089476530
00436641349170
00491702341196
00491702341108
00447738075905
00436641349155
00525575394691
00491702341167
0079089476557
005491167869392
00491702341149
005491167869393
00447738075959
00436641349171
0034604233418
00447738075939
