0079089476825
0079089476828
00491702341364
00491702341395
00491702341437
00436641349310
0079089476838
00525575394944
00525575394938
0034604233563
0079089476875
00491702341397
00436641349423
00447738076189
0034604233576
00436641349322
0079089476807
00491702341403
0079089476770
00491702341438
00436641349323
005491167869609
0034604233649
00447738076196
00436641349359
0079089476880
00436641349315
005491167869614
0079089476806
00447738076197
005491167869596
0034604233573
0079089476873
005491167869692
00491702341433
0034604233596
00491702341381
005491167869603
005491167869613
00447738076139
0079089476768
00436641349395
00491702341425
0079089476793
0034604233597
0034604233618
00436641349349
0079089476863
00436641349398
0079089476763
0079089476865
00491702341446
00491702341330
00436641349364
00436641349324
0079089476846
00491702341401
00491702341383
0034604233561
00436641349331
00447738076245
0034604233547
0079089476826
0034604233595
00525575394865
00436641349330
005491167869611
00491702341434
00436641349385
00491702341344
00436641349388
00525575394860
0079089476800
00447738076169
00491702341353
00436641349367
0079089476774
0034604233652
0034604233642
00447738076168
0034604233635
00436641349318
005491167869576
00436641349399
0079089476822
005491167869598
00491702341380
0034604233621
00491702341389
00447738076149
005491167869668
0079089476769
0034604233579
00436641349410
00525575394969
0034604233581
0034604233615
0079089476844
005491167869684
00447738076187
00447738076224
00491702341385
0034604233626
0034604233604
0079089476862
00447738076147
00436641349347
00491702341373
00525575394861
00491702341435
0034604233602
00491702341453
005491167869641
00491702341393
0034604233582
0079089476796
00436641349314
00436641349342
005491167869573
0079089476885
0079089476876
0079089476766
0034604233630
005491167869584
005491167869612
00436641349358
005491167869620
0079089476881
0034604233641
00491702341342
00436641349334
00491702341339
0079089476884
0079089476773
00436641349390
00436641349426
005491167869654
00491702341400
0079089476874
00491702341454
00491702341346
00491702341360
00491702341333
0034604233594
0034604233638
00436641349384
00491702341406
00436641349382
00436641349403
0034604233575
0079089476797
00491702341356
0034604233590
00436641349338
00436641349424
00436641349397
005491167869662
0034604233645
00525575394883
00491702341350
00491702341421
005491167869636
00436641349420
0034604233585
00436641349413
00491702341332
00491702341390
0034604233647
00525575394907
00491702341374
00447738076203
0034604233570
00447738076199
00447738076166
005491167869575
00436641349345
0034604233560
005491167869574
00447738076175
0034604233623
00525575394874
00491702341447
00436641349332
0079089476864
0034604233614
00436641349335
00436641349405
00491702341387
0034604233592
0079089476818
00525575394878
00436641349396
005491167869595
0079089476821
00491702341440
005491167869681
00447738076253
00491702341358
0079089476878
00491702341370
00491702341398
00436641349319
005491167869597
00491702341431
0034604233634
00447738076146
00525575394960
00436641349336
00525575394977
00491702341429
00447738076247
0079089476817
00447738076191
00525575394917
00447738076157
00491702341412
00436641349337
00436641349408
0079089476866
0034604233628
005491167869664
005491167869642
00491702341338
00436641349415
00525575394872
005491167869669
00436641349406
0034604233659
005491167869630
00491702341369
00491702341343
005491167869617
00436641349316
0079089476778
005491167869651
00491702341331
00491702341357
0079089476788
005491167869665
00447738076262
00491702341408
0034604233650
00525575394868
005491167869592
005491167869585
00436641349306
00436641349371
0079089476812
0079089476887
005491167869626
0034604233646
005491167869610
00447738076198
00447738076246
00436641349353
0034604233658
00447738076209
0079089476780
00436641349344
00491702341392
005491167869676
0034604233620
00491702341382
0079089476811
0079089476859
00447738076204
005491167869690
00491702341426
0079089476785
00436641349400
00447738076228
00491702341415
005491167869633
0079089476784
00436641349383
005491167869608
0034604233607
00436641349320
005491167869655
00491702341348
0079089476798
00491702341386
0079089476833
0079089476872
005491167869677
0034604233608
005491167869580
00447738076214
00491702341413
0079089476775
00436641349351
00525575394925
0034604233549
00491702341355
00436641349379
0034604233656
00491702341399
0079089476772
0034604233632
00447738076158
00491702341341
00525575394920
00447738076252
00525575394897
00491702341451
0079089476871
0034604233583
0079089476787
00525575394959
0079089476819
00491702341449
0079089476831
00447738076186
00436641349380
00436641349404
00525575394924
00447738076148
00436641349391
00491702341371
00436641349418
00436641349392
