0079089478430
00491702343073
00447738077865
0079089478417
005491167871286
00491702343027
0034604235196
0034604235260
005491167871202
00491702342974
0034604235186
00447738077885
00491702342997
00436641350987
005491167871212
0079089478461
0034604235272
0034604235278
0079089478448
0079089478494
00491702343066
00436641351018
00436641351011
005491167871260
0079089478510
005491167871283
0079089478457
00447738077839
0079089478499
00447738077771
00491702343020
00436641350928
00436641351031
00436641350970
0034604235252
0034604235290
00436641350991
005491167871210
0079089478456
00491702343023
00491702343034
0034604235172
00447738077871
0079089478388
005491167871231
00436641350965
00491702343075
00436641351016
00436641350956
00491702343036
00491702342959
0079089478453
0034604235221
00436641350932
00525575396562
00491702343044
0079089478424
0079089478476
0079089478443
0079089478432
005491167871265
00436641350982
0034604235232
0034604235293
00525575396563
00436641351013
005491167871194
0034604235177
00491702343017
00491702342973
005491167871241
005491167871218
00525575396550
00436641351033
00436641351035
00447738077881
00491702343062
00436641350938
0079089478435
00436641351028
005491167871229
00436641351002
0034604235275
005491167871242
00436641350950
0034604235223
00491702342964
005491167871269
0079089478422
00436641350988
00447738077816
00491702343022
00447738077835
00436641350997
005491167871302
00436641351025
005491167871312
00447738077787
00525575396560
00436641351008
00491702343000
00447738077810
00436641351030
0034604235238
00491702343070
0079089478478
00436641351019
005491167871266
005491167871235
0034604235179
005491167871267
0034604235284
00491702343037
00491702343061
00491702343060
0034604235194
0079089478486
00436641351000
00447738077858
00491702343054
00447738077797
00436641350995
005491167871270
00447738077807
00436641351052
00491702343046
00436641350994
00436641351020
00436641351048
00491702343031
00436641350939
00447738077861
00491702342970
0079089478415
00447738077851
00436641351022
0079089478490
0034604235176
005491167871250
00436641350971
0079089478420
0034604235255
00436641350966
0079089478462
00491702342971
00436641350972
005491167871276
00447738077783
0079089478419
0034604235181
00447738077790
00491702343064
0079089478434
00436641351049
00491702342978
00491702343007
00447738077796
0034604235184
00436641351017
00447738077882
00491702342986
005491167871251
0034604235206
0034604235250
00525575396514
00436641351029
0079089478407
00447738077866
00436641350933
0034604235199
005491167871296
0034604235173
0079089478497
0034604235188
00491702342990
0034604235211
00436641351007
0034604235200
00491702343072
0034604235183
0034604235208
00525575396578
0034604235174
00491702342957
00491702342987
005491167871306
0079089478437
00491702343029
00447738077764
0079089478441
005491167871271
0079089478436
00436641351050
00436641350940
00447738077859
005491167871234
00447738077878
0034604235243
00491702343021
00447738077847
00491702342963
00491702343002
005491167871213
0079089478402
00525575396544
00447738077818
00436641350993
0079089478400
00525575396521
00491702343045
0034604235269
0034604235248
005491167871278
005491167871223
005491167871307
00447738077860
00491702343018
00491702343012
0034604235251
00436641350954
0079089478428
00436641351010
0034604235203
0079089478406
0079089478473
00491702342956
0079089478410
00491702342999
0079089478438
00491702343052
005491167871247
00447738077772
00436641351032
00436641350944
00447738077841
00491702343053
00436641350959
0034604235235
00447738077863
0034604235224
0034604235201
00436641350957
005491167871208
00491702343078
00436641351051
0079089478447
0034604235287
0034604235202
00436641351034
00525575396546
0079089478465
0079089478483
00436641350937
005491167871290
00447738077823
00491702343005
00525575396605
00491702343001
00436641351006
0034604235219
0034604235285
00491702342969
00436641350980
00525575396555
0079089478449
0079089478427
00436641351026
00491702343010
0034604235286
0079089478390
00525575396566
00491702342981
00447738077842
0079089478458
005491167871268
0079089478421
0034604235246
00491702343059
00525575396604
00491702342962
0079089478500
0034604235233
00525575396600
00491702342984
0079089478501
00491702343003
0079089478423
00491702343004
0079089478464
0034604235258
00525575396484
005491167871309
00436641350985
00447738077811
00491702342967
0034604235257
00436641351041
00436641351001
00525575396585
0079089478442
0079089478474
00436641350999
