00491702340697
0079089476052
0079089476080
0079089476137
0079089476071
0034604232875
0034604232917
005491167868832
00491702340638
00491702340678
005491167868928
00491702340693
005491167868941
0079089476035
00491702340621
005491167868859
005491167868853
005491167868891
00491702340616
00491702340650
0079089476103
0034604232820
0034604232862
005491167868935
0079089476134
00447738075458
0034604232887
005491167868921
0079089476126
00491702340661
0079089476115
0034604232847
00491702340633
00491702340654
00491702340606
00491702340674
0034604232857
005491167868845
005491167868860
0034604232797
0079089476055
00491702340655
0034604232816
00447738075504
005491167868848
005491167868918
0034604232824
0034604232861
00447738075480
0034604232814
00525575394220
0034604232849
00447738075500
0034604232821
00447738075479
0079089476047
0034604232896
005491167868936
0079089476119
00491702340585
0034604232823
0034604232806
0034604232899
00491702340610
00447738075415
0034604232906
0079089476127
005491167868881
0079089476036
00525575394179
00525575394131
0079089476019
0079089476136
0079089476128
00491702340637
00491702340662
0079089476091
0034604232903
0079089476048
00447738075495
00525575394135
00491702340618
00447738075423
00525575394224
00491702340594
0034604232901
00491702340679
00525575394196
00447738075486
0034604232809
00491702340600
00447738075469
00491702340646
0079089476102
00491702340608
005491167868934
00447738075421
00491702340667
0079089476065
00525575394184
00491702340581
0034604232841
00491702340703
0079089476068
0079089476078
00447738075419
00447738075455
0034604232894
00491702340651
0034604232848
00491702340631
0034604232879
00525575394206
00525575394108
005491167868837
0079089476022
00491702340641
00525575394209
00447738075494
0034604232855
005491167868913
0034604232815
0034604232895
005491167868849
005491167868875
00491702340626
0034604232817
00491702340614
00491702340580
005491167868929
005491167868895
00447738075431
00491702340673
0079089476027
0079089476028
00491702340647
00447738075463
00447738075461
00491702340645
005491167868897
0034604232867
0079089476017
005491167868866
00491702340635
00491702340658
00491702340695
00491702340609
0079089476097
00491702340625
0079089476098
00491702340670
00491702340630
0079089476049
00447738075438
0034604232859
00491702340627
00525575394221
00447738075470
0034604232905
005491167868893
005491167868822
00525575394111
00491702340666
00447738075410
00447738075493
0079089476069
0079089476058
0034604232865
00491702340696
00491702340681
005491167868823
00447738075502
0079089476051
00525575394123
005491167868824
00447738075393
0034604232811
00491702340694
00447738075456
0079089476061
00447738075392
00447738075412
005491167868879
0079089476059
0079089476077
00491702340642
0034604232838
0034604232891
0079089476038
0079089476109
00491702340634
00491702340604
00525575394180
0079089476135
00447738075446
005491167868896
00447738075506
005491167868931
00491702340689
005491167868937
00491702340596
0079089476043
00491702340602
00491702340669
005491167868890
0034604232846
00491702340687
0079089476074
00525575394231
005491167868903
0079089476050
0079089476106
0034604232914
00491702340601
00491702340598
00491702340700
00447738075510
00491702340652
00447738075397
00491702340675
0079089476082
00491702340622
005491167868850
00525575394214
0079089476089
005491167868857
0034604232868
00491702340582
0034604232892
00491702340680
005491167868907
00525575394205
0034604232851
0034604232856
00491702340683
00447738075472
00447738075436
