00491702342691
00491702342702
0079089478055
0079089478092
00491702342607
00491702342651
005491167870886
00436641350611
00491702342605
00436641350614
0079089478015
00447738077397
0079089478057
00491702342615
00436641350565
0079089478088
00436641350570
00436641350568
00491702342639
00491702342621
00436641350586
00436641350563
00436641350660
00436641350575
00436641350668
0079089478020
00491702342624
00447738077469
00491702342695
0079089478013
00436641350640
00491702342583
005491167870857
0079089478129
0079089478018
005491167870855
00436641350605
00436641350578
00436641350624
0079089478127
00447738077421
00491702342618
00436641350591
00436641350599
00447738077452
00436641350604
00436641350662
005491167870898
00491702342611
00525575396123
005491167870872
0079089478023
00436641350637
00447738077408
0079089478054
0079089478107
00491702342668
005491167870871
00525575396130
0079089478024
005491167870821
00491702342648
00491702342602
00436641350623
00491702342600
00525575396119
00436641350665
005491167870892
0079089478058
00525575396116
00447738077483
00491702342594
00491702342680
00447738077402
00436641350597
0079089478049
00525575396115
0079089478045
00525575396198
00436641350581
00525575396181
00491702342669
00436641350670
0079089478085
00436641350618
00447738077446
0079089478038
00525575396230
00525575396214
00447738077507
0079089478046
00447738077502
00491702342595
0079089478128
005491167870870
00436641350590
005491167870916
0079089478122
00436641350560
0079089478090
0079089478108
00491702342675
00447738077404
00491702342666
00491702342663
00447738077430
005491167870915
0079089478028
00436641350631
00491702342646
00491702342596
00447738077492
00436641350554
00491702342679
0079089478124
00447738077399
005491167870867
0079089478017
00491702342692
00436641350676
00436641350553
00491702342643
00491702342617
005491167870822
00447738077506
00491702342587
00525575396117
00491702342582
00436641350644
00491702342623
00491702342592
00447738077493
0079089478075
00491702342677
00525575396206
0079089478134
00491702342622
00436641350651
00491702342657
00447738077425
00436641350630
0079089478033
00436641350583
0079089478086
00447738077477
00491702342597
00436641350672
0079089478084
00436641350628
0079089478073
00491702342627
0079089478080
0079089478040
00436641350579
00447738077400
00447738077406
00436641350636
005491167870840
00491702342606
0079089478098
00436641350557
0079089478059
00436641350613
00491702342608
00491702342636
00525575396216
00491702342610
00525575396152
0079089478100
005491167870904
00447738077476
0079089478077
005491167870942
00436641350580
00491702342700
005491167870888
00436641350675
00436641350656
00436641350657
00447738077497
00447738077456
0079089478030
00491702342660
00436641350647
00447738077411
00436641350573
0079089478025
00525575396121
00525575396127
00436641350610
00491702342659
005491167870927
005491167870838
00436641350626
0079089478136
00436641350655
005491167870863
00436641350584
00491702342697
00447738077474
00491702342630
00436641350559
00491702342632
0079089478051
00436641350659
00436641350646
00447738077432
005491167870853
00447738077473
00491702342586
005491167870918
0079089478119
00436641350572
0079089478131
00436641350598
005491167870837
00447738077434
0079089478022
00525575396205
00436641350589
00436641350607
005491167870894
00436641350594
00525575396177
005491167870877
0079089478063
005491167870828
00436641350622
00436641350608
00491702342704
00525575396139
00491702342620
0079089478050
00436641350664
00436641350602
00436641350654
00436641350663
0079089478102
00436641350667
00436641350569
00525575396199
005491167870938
00436641350650
0079089478130
00491702342678
005491167870848
00525575396227
00436641350588
00447738077488
0079089478097
00436641350639
00491702342619
005491167870851
0079089478071
005491167870891
00525575396128
00436641350620
00447738077418
0079089478125
0079089478047
005491167870879
00436641350609
00436641350582
00436641350629
0079089478070
00447738077512
00525575396224
00525575396222
00436641350606
0079089478021
0079089478036
005491167870854
005491167870835
00436641350567
00491702342647
0079089478093
