00491702341301
00436641349297
00436641349200
005491167869510
00436641349257
0079089476739
00447738076109
0034604233538
00491702341236
00436641349211
00491702341246
00436641349220
0079089476674
005491167869472
00436641349273
00447738076014
00491702341310
00525575394842
00447738076125
0079089476735
00491702341239
0034604233505
00436641349216
00491702341328
00436641349274
00491702341323
005491167869460
00447738076074
0034604233503
0034604233531
005491167869477
0034604233527
00447738076050
00491702341269
00491702341306
00491702341260
0034604233501
0079089476709
00436641349227
005491167869447
0034604233492
005491167869483
00436641349238
00491702341276
00525575394765
0034604233507
0079089476643
00525575394779
00491702341253
00525575394825
0034604233535
00491702341233
00491702341280
0034604233506
0079089476747
0034604233476
0034604233514
0034604233495
00436641349253
005491167869548
0079089476679
005491167869540
0034604233473
005491167869480
00491702341224
0079089476752
00447738076105
00491702341234
00491702341314
005491167869463
00491702341227
0034604233508
00491702341212
005491167869446
0079089476659
00491702341226
00436641349302
00447738076027
005491167869457
00491702341244
005491167869494
005491167869514
0034604233541
0079089476730
00436641349181
00491702341309
00436641349262
0034604233425
00436641349272
0034604233512
0034604233516
00491702341230
0079089476658
00436641349204
00447738076071
00447738076047
00436641349193
00447738076045
005491167869473
0034604233509
0079089476720
00491702341241
00447738076112
00447738076078
00491702341256
005491167869561
00491702341293
00447738076067
0034604233434
00447738076089
0034604233537
0079089476670
0079089476734
00491702341317
0079089476638
00447738076052
00525575394838
005491167869521
00447738076015
005491167869511
00447738076124
00436641349280
00525575394819
00525575394764
005491167869468
00491702341210
005491167869492
00436641349294
00436641349190
00447738076083
00447738076122
0079089476672
00491702341206
00491702341270
0079089476641
005491167869559
00436641349234
00491702341285
00491702341243
00525575394762
0034604233502
00436641349249
005491167869505
0034604233521
00491702341242
005491167869542
0034604233510
00436641349230
00525575394827
00491702341282
0079089476678
005491167869532
0034604233465
00447738076102
00491702341232
00491702341225
00436641349286
00436641349214
00491702341205
00447738076041
00491702341219
00436641349191
00447738076020
0034604233528
00447738076019
0034604233497
0079089476653
00436641349229
00491702341223
005491167869564
0079089476666
00436641349277
00525575394823
0034604233529
00491702341229
0079089476669
00436641349218
0079089476738
0079089476686
00447738076081
00447738076048
005491167869528
0079089476652
00525575394800
00436641349293
00447738076082
0079089476668
00436641349213
0079089476756
00436641349295
00436641349290
0034604233494
0034604233530
00491702341287
005491167869550
00436641349288
00436641349237
00436641349233
00491702341313
0079089476758
00491702341300
0079089476688
0079089476706
0079089476655
00436641349291
00447738076023
0079089476687
00436641349196
00436641349203
00436641349202
00436641349265
00447738076077
0034604233472
00436641349245
0079089476715
0079089476750
00436641349298
0034604233470
00491702341207
00436641349219
00491702341248
005491167869556
0079089476711
0079089476676
00447738076054
0079089476710
00491702341251
00447738076106
00436641349223
005491167869567
00436641349283
005491167869456
0034604233427
00491702341255
00491702341213
0079089476651
00491702341267
0034604233460
00525575394850
00491702341231
00491702341288
0034604233520
00491702341238
005491167869539
0034604233426
0079089476729
00447738076028
0034604233523
005491167869536
00447738076135
0034604233484
00491702341268
00436641349222
00491702341296
00525575394811
0034604233423
00447738076044
00491702341322
00447738076066
00436641349244
0079089476695
0079089476642
0079089476663
00491702341297
0079089476754
0034604233428
0079089476698
00436641349206
00436641349186
005491167869508
00436641349225
00436641349299
00525575394743
00491702341312
00436641349194
00491702341315
0079089476664
0079089476757
00525575394759
005491167869553
00447738076137
00447738076132
00491702341217
00436641349217
00436641349289
0079089476691
0079089476657
0034604233474
