0079089475014
0034604231915
00447738074413
00447738074449
00447738074503
005491167867887
0034604231829
00491702339684
0034604231810
005491167867921
005491167867911
005491167867902
005491167867919
0079089475111
0079089475069
005491167867844
00491702339594
00491702339647
00491702339655
0079089475119
0034604231858
0079089475040
00491702339589
005491167867909
0034604231865
00447738074501
0034604231833
0034604231813
005491167867839
0079089475124
005491167867928
00447738074451
0034604231796
0034604231875
0079089475072
0079089475038
00491702339581
00491702339632
0079089475067
00491702339598
00491702339619
0079089475071
00491702339590
0079089475135
0034604231878
005491167867896
00491702339678
0034604231817
00491702339645
005491167867932
0079089475022
0079089475100
0034604231845
0079089475041
0034604231807
005491167867880
005491167867834
00447738074388
00447738074506
00447738074453
00491702339605
00447738074401
00447738074409
00447738074392
00447738074450
0034604231852
0079089475097
0034604231864
00447738074402
00491702339595
00491702339652
00447738074421
0034604231909
00491702339610
0034604231827
005491167867920
0034604231882
00491702339677
0079089475109
0034604231795
00491702339639
00447738074422
00491702339699
00525575393156
005491167867901
00491702339689
0034604231843
0034604231874
0034604231860
00491702339625
0079089475107
00491702339662
00491702339701
00447738074490
005491167867826
00447738074403
0034604231914
005491167867845
0034604231826
0034604231891
0034604231857
005491167867881
00491702339653
00491702339672
0079089475073
0079089475026
0034604231835
0034604231899
0079089475104
005491167867864
0079089475090
0034604231819
00447738074465
0034604231811
00491702339691
00491702339646
0034604231850
00525575393179
00491702339649
0034604231912
005491167867916
0079089475017
0079089475105
0034604231794
00491702339663
0079089475058
005491167867850
005491167867874
00491702339686
0079089475086
00491702339609
00491702339696
00491702339593
0034604231887
0079089475052
0079089475112
00447738074404
0034604231862
0034604231804
0034604231856
00491702339621
005491167867904
0079089475029
0079089475021
0079089475074
0034604231812
0079089475036
00491702339586
005491167867836
00491702339685
0034604231836
0079089475030
005491167867892
0034604231824
0079089475034
0079089475118
00491702339587
00447738074489
0079089475092
005491167867890
00491702339664
0034604231890
0079089475018
0034604231834
0079089475080
0079089475077
0079089475115
005491167867927
005491167867840
00447738074455
00525575393112
005491167867917
0079089475048
0034604231831
0034604231902
0034604231859
00447738074471
00491702339600
00447738074474
0079089475033
0034604231867
00525575393197
0034604231868
0034604231905
0034604231840
0079089475037
00447738074457
00525575393173
00447738074482
0034604231880
0034604231846
005491167867832
0034604231853
005491167867907
00491702339604
005491167867888
0034604231802
00447738074493
00491702339624
0079089475020
005491167867823
0034604231869
00525575393174
00525575393141
005491167867825
0079089475059
0034604231808
00525575393122
00491702339676
0079089475031
00491702339697
0079089475121
0034604231904
0034604231799
00491702339629
00447738074424
0079089475019
0079089475044
0079089475056
0034604231839
00447738074390
00447738074434
005491167867827
005491167867871
0034604231916
005491167867853
005491167867924
00447738074436
0079089475094
0034604231883
0079089475126
00447738074475
00447738074483
005491167867895
0034604231832
00447738074462
005491167867939
00491702339654
0034604231893
00491702339658
005491167867894
0079089475120
0034604231871
0034604231823
00491702339580
005491167867878
005491167867855
005491167867897
0034604231886
00491702339630
00525575393151
005491167867849
00447738074473
00491702339623
005491167867872
0034604231901
0034604231918
0034604231820
00447738074400
0034604231895
00491702339695
00491702339650
00491702339700
