00447738076967
005491167870436
00436641350111
00525575395612
00436641350126
005491167870333
00447738076961
00436641350095
00436641350171
00436641350067
00491702342172
00491702342146
00491702342132
00447738076909
00436641350146
00436641350115
00447738076949
00436641350136
005491167870420
00436641350118
0079089477605
00447738076892
00491702342144
00491702342099
00436641350103
00447738076888
00436641350139
00436641350156
00436641350075
0079089477519
0079089477630
00436641350107
0079089477600
00447738076937
0079089477607
00491702342201
005491167870404
0079089477632
00447738076972
00436641350141
00491702342180
00491702342157
005491167870399
005491167870406
005491167870415
0079089477611
00436641350105
00436641350098
0079089477523
005491167870388
00436641350066
00436641350130
0079089477515
00436641350114
005491167870429
00491702342085
0079089477547
005491167870354
005491167870352
00447738076984
00491702342131
00436641350064
00491702342147
005491167870338
00436641350177
00436641350124
00447738076970
00436641350150
005491167870380
00436641350160
00447738077011
00436641350120
005491167870336
00491702342110
0079089477635
0079089477573
00491702342162
00436641350145
005491167870373
005491167870385
00436641350110
00491702342145
005491167870334
0079089477560
00436641350062
00491702342148
00436641350054
00491702342116
00491702342155
0079089477596
00436641350127
00436641350167
00447738077000
00491702342171
00525575395718
00436641350113
00525575395714
00436641350176
0079089477574
00491702342151
00436641350061
00436641350175
00436641350159
00436641350072
005491167870362
00436641350073
0079089477617
0079089477535
00436641350119
00491702342189
005491167870347
00436641350099
00491702342091
00525575395607
0079089477590
00491702342120
00491702342115
00436641350137
00525575395703
00436641350069
00525575395684
00436641350085
00436641350065
0079089477539
00447738076992
00491702342175
00491702342183
00491702342199
00525575395673
00447738076942
00436641350168
00436641350132
00436641350060
005491167870417
00436641350058
00491702342088
005491167870418
00436641350101
0079089477628
005491167870437
0079089477541
00436641350108
00491702342089
00491702342181
00436641350122
00491702342204
00447738076999
00436641350109
00525575395688
00447738076917
0079089477592
00525575395618
0079089477610
00447738076958
00525575395723
0079089477612
0079089477525
005491167870397
00447738076925
00447738076966
00491702342100
00436641350089
0079089477608
00436641350088
00491702342143
00491702342118
00491702342200
00447738076901
00436641350100
00491702342190
00436641350173
0079089477575
00525575395710
00491702342102
00525575395622
005491167870413
00525575395692
00525575395632
00491702342149
0079089477602
0079089477567
005491167870402
00447738076946
00491702342084
00436641350092
0079089477542
00491702342130
005491167870366
00436641350152
00491702342086
00436641350090
005491167870421
005491167870322
00491702342202
00447738076898
0079089477622
00447738076985
00436641350131
00491702342124
0079089477551
00447738076974
005491167870440
005491167870340
00447738076960
00491702342112
00436641350082
00436641350102
0079089477544
00436641350143
005491167870423
00447738077009
00436641350128
00447738076944
00525575395722
00436641350140
00491702342168
0079089477538
005491167870416
005491167870360
00436641350053
00447738076936
00436641350096
00447738076989
00436641350077
0079089477516
00436641350076
00447738077012
0079089477550
00491702342138
0079089477556
00436641350097
005491167870318
00436641350133
00491702342194
00525575395657
005491167870329
00436641350081
00436641350117
00491702342156
00491702342203
00436641350162
00491702342174
00436641350151
005491167870367
00436641350170
00447738076902
00491702342125
005491167870357
00436641350055
00436641350083
00436641350086
00436641350084
00436641350144
00491702342123
00525575395706
00447738076908
0079089477601
00436641350169
0079089477582
00491702342114
0079089477546
00447738077008
00491702342185
00436641350155
00491702342098
00436641350123
00491702342095
00436641350147
0079089477604
00436641350135
00436641350164
00525575395677
00525575395683
00436641350116
00436641350157
005491167870379
