00447738079286
0079089479987
00436641352503
0079089479927
00436641352482
0034604236773
00436641352460
005491167872754
0079089479892
0034604236741
00491702344486
005491167872805
00436641352473
00447738079305
0079089479922
00436641352466
00525575398071
00491702344539
0079089479923
0079089479903
00447738079384
00436641352432
0079089479972
00447738079334
00491702344511
005491167872774
00447738079298
00436641352438
00491702344489
0034604236690
005491167872784
005491167872800
00447738079336
005491167872712
00436641352552
00447738079283
00491702344480
00436641352477
00491702344544
00447738079359
00491702344516
00447738079362
005491167872708
0079089479910
0034604236735
00436641352524
005491167872752
005491167872772
0034604236768
0034604236683
0034604236696
005491167872776
0034604236756
005491167872791
005491167872728
00525575398106
005491167872793
00525575398002
005491167872734
00436641352507
005491167872813
00491702344476
00436641352449
005491167872730
00447738079345
00525575398059
00447738079319
0034604236754
00436641352536
00491702344556
0034604236684
0079089480007
0034604236719
00436641352506
0079089479888
005491167872735
00525575398064
00447738079277
0079089479919
0079089479904
00447738079385
00525575398017
00525575398070
0034604236706
00447738079367
00447738079332
00491702344492
00525575398055
005491167872741
00491702344567
00525575398084
0034604236728
00436641352457
00447738079325
00491702344502
00447738079292
0034604236738
00436641352523
0079089479983
00525575398095
00436641352439
0079089479975
00491702344500
0079089479994
00525575398011
00436641352454
00491702344565
0079089479936
005491167872796
00491702344474
00436641352429
0034604236732
00447738079321
00491702344553
00491702344574
00491702344528
0079089480002
0079089479954
0079089479928
00491702344523
00491702344459
00447738079380
00491702344498
00436641352542
00491702344503
005491167872780
0079089479948
0034604236725
0034604236791
00436641352500
005491167872727
00436641352435
00436641352441
0079089479894
005491167872797
00436641352479
00491702344546
00436641352543
00436641352433
00491702344577
00491702344468
00436641352510
0034604236771
00436641352452
005491167872785
0079089479988
005491167872718
0079089479898
0034604236714
00491702344575
0034604236710
00447738079268
00447738079274
00491702344460
0079089479989
00436641352526
00436641352436
0079089479956
0079089479924
0079089479915
00525575398009
0034604236727
00491702344481
005491167872792
0079089480006
00436641352450
00491702344479
0079089479968
00491702344557
0079089480005
0079089479939
00491702344467
00436641352440
00436641352483
0079089479938
00436641352509
00447738079266
00491702344482
00436641352495
005491167872808
00447738079276
00436641352550
00436641352539
00525575398080
00436641352501
00491702344571
005491167872707
005491167872736
0034604236676
00491702344555
00491702344551
0079089479926
0079089480003
0034604236766
0034604236758
005491167872817
00436641352512
00436641352497
0079089479930
0079089479906
0034604236685
00436641352541
00491702344496
0034604236700
00436641352481
00525575397995
005491167872742
00491702344509
0079089479896
0079089479891
005491167872743
00491702344490
005491167872789
00447738079316
00436641352528
005491167872766
00436641352518
0034604236726
0079089479982
00436641352447
00491702344526
0034604236689
0034604236747
00491702344518
00491702344559
00447738079306
00436641352437
0079089479999
00447738079317
00436641352545
0079089479940
00436641352544
00491702344529
00491702344499
00436641352490
00436641352530
0034604236746
005491167872788
0034604236722
00436641352520
00491702344524
00447738079296
005491167872803
00436641352428
0034604236729
0079089479917
00447738079352
00447738079347
005491167872782
00436641352499
005491167872795
00436641352511
00436641352492
00447738079339
0034604236681
0079089479964
00436641352458
00447738079269
00436641352516
005491167872721
00436641352475
00447738079364
0034604236679
00491702344507
0079089479944
00491702344501
0034604236792
00436641352525
0034604236734
00525575398023
0079089479963
0034604236730
0079089479943
005491167872770
00525575398051
00491702344494
00436641352546
00491702344517
00436641352464
0034604236775
00436641352484
0079089479961
00436641352487
00491702344576
0079089479978
00436641352504
00436641352532
0034604236680
00525575398090
00491702344545
005491167872695
00491702344530
0079089479957
00436641352517
0079089480001
00491702344520
0079089479918
00525575398098
00436641352470
00447738079331
00491702344483
0079089480000
0034604236750
00491702344485
00525575397998
00447738079267
0079089479992
00491702344519
0034604236724
0034604236695
00525575398040
00491702344568
0079089479916
