00491702342442
0079089477869
005491167870632
0079089477780
0079089477790
00491702342434
0079089477832
00447738077161
00447738077261
00436641350320
00447738077149
00447738077233
00436641350399
0079089477799
0079089477774
00491702342384
00447738077260
00436641350385
005491167870670
0079089477885
0079089477806
0079089477858
00436641350416
00436641350304
00525575395862
00447738077232
0079089477833
00447738077213
00491702342394
00491702342421
00436641350326
00491702342340
00491702342443
00491702342454
00436641350346
00436641350355
00491702342450
00525575395879
00447738077179
0079089477844
0079089477834
00436641350321
00525575395967
00491702342341
0079089477779
0079089477770
00436641350395
00436641350397
00436641350317
00436641350352
0079089477845
00447738077189
00436641350311
00491702342345
00491702342418
00447738077174
00436641350410
00491702342378
0079089477856
00436641350387
00491702342330
005491167870628
00436641350366
0079089477773
00436641350422
00525575395910
0079089477847
0079089477792
00491702342343
00491702342363
0079089477776
00491702342437
00491702342390
00436641350373
005491167870633
00436641350356
00436641350332
0079089477815
0079089477870
00491702342346
0079089477848
00491702342358
0079089477820
00436641350367
0079089477840
00447738077237
0079089477879
00436641350348
00447738077234
00525575395913
00447738077187
00525575395940
00491702342405
005491167870677
00491702342349
0079089477843
00447738077168
005491167870578
0079089477789
00447738077220
0079089477768
00436641350378
0079089477777
00436641350303
00447738077192
0079089477829
0079089477822
00491702342357
0079089477853
00491702342336
00525575395867
00491702342403
005491167870568
00436641350351
00491702342362
00447738077262
00491702342399
00436641350305
00436641350403
00491702342368
005491167870596
0079089477877
00436641350335
005491167870686
0079089477791
00436641350413
0079089477846
00491702342391
00447738077230
00436641350343
00436641350322
00436641350394
00491702342373
00491702342398
00491702342381
00447738077212
00447738077166
00447738077214
0079089477796
0079089477824
005491167870593
0079089477772
005491167870637
00436641350325
005491167870650
00447738077217
005491167870648
00491702342432
00525575395898
00447738077223
0079089477794
005491167870583
005491167870643
00436641350361
00436641350323
00491702342427
00447738077225
00491702342348
00447738077196
00447738077158
005491167870634
0079089477803
00436641350337
00436641350406
00436641350418
0079089477825
0079089477782
00491702342422
005491167870649
00436641350316
0079089477835
00491702342382
00525575395935
00491702342397
00436641350308
00491702342409
00491702342453
00436641350307
00525575395962
00436641350312
00491702342401
00447738077180
00491702342337
00525575395953
00447738077229
0079089477766
00525575395900
00491702342410
00447738077221
00436641350396
0079089477854
00436641350398
00447738077194
00436641350421
0079089477808
0079089477878
0079089477813
00436641350424
0079089477814
00491702342452
0079089477859
0079089477826
005491167870608
00491702342431
0079089477793
00491702342334
00447738077216
005491167870615
00447738077150
00525575395978
005491167870595
00436641350404
00491702342435
00436641350375
00447738077145
00447738077242
0079089477830
00491702342430
00436641350319
00436641350333
00491702342376
00525575395914
00436641350340
00436641350390
00436641350425
00525575395974
00436641350393
005491167870613
005491167870573
00491702342440
00491702342420
005491167870590
00436641350402
0079089477775
005491167870667
00436641350353
00436641350427
00491702342396
0079089477831
00525575395909
0079089477804
005491167870585
00525575395895
00447738077204
00491702342342
005491167870577
00491702342436
00525575395894
00447738077255
00491702342366
00436641350383
00447738077236
00436641350344
00491702342388
00491702342387
00525575395968
00525575395957
00447738077190
00436641350334
0079089477868
00436641350386
00491702342393
00491702342367
00491702342419
005491167870644
00525575395944
00447738077254
00436641350310
00491702342347
00447738077253
0079089477798
00436641350414
00436641350423
00447738077144
00436641350369
005491167870678
005491167870681
00436641350409
005491167870636
00436641350388
00491702342335
00436641350313
00436641350306
00491702342361
005491167870664
0079089477771
0079089477850
0079089477764
00525575395878
00491702342426
00436641350357
00491702342446
00447738077178
0079089477882
00436641350328
00491702342441
005491167870602
00447738077173
00436641350376
00447738077222
00525575395912
00447738077245
00436641350400
00436641350405
005491167870576
