00491702343830
0034604236122
005491167872086
0079089479279
00491702343947
00447738078712
00436641351919
00525575397403
00525575397399
0079089479281
0034604236117
005491167872127
0034604236097
0079089479329
005491167872157
005491167872118
0034604236160
0034604236113
005491167872144
0034604236152
0079089479273
005491167872151
00447738078739
0079089479330
00436641351885
005491167872152
005491167872120
0079089479358
00447738078722
00436641351889
00447738078744
00491702343924
0034604236082
0079089479362
00447738078696
00491702343896
005491167872088
0034604236144
00447738078689
00447738078761
005491167872076
00436641351850
005491167872075
0034604236095
0034604236125
00436641351826
00491702343930
0034604236140
005491167872177
0034604236119
0079089479290
00447738078754
00436641351813
00447738078643
00491702343851
0034604236081
00436641351832
00491702343912
0079089479371
0079089479384
0034604236070
00491702343953
0034604236092
00525575397389
00491702343906
0034604236132
00491702343886
00436641351855
005491167872192
00447738078753
005491167872099
005491167872189
00436641351823
00447738078729
00525575397433
00447738078748
00525575397461
00436641351804
00525575397412
00491702343843
005491167872149
00491702343911
00436641351915
00491702343917
00436641351846
005491167872161
00447738078668
00436641351844
0034604236093
00447738078709
00447738078645
0034604236077
00491702343836
005491167872087
00447738078681
0079089479310
00447738078677
00436641351861
00525575397387
00491702343833
00491702343948
0079089479316
00491702343914
00436641351884
005491167872074
00491702343844
0034604236145
00447738078746
00436641351842
00525575397423
005491167872167
00447738078731
00436641351907
0079089479301
00436641351839
00436641351840
0034604236155
0034604236101
0034604236088
00491702343856
0079089479305
00436641351878
00491702343892
00491702343891
00447738078649
005491167872190
0079089479271
00491702343878
00491702343845
00491702343860
005491167872072
00491702343949
0079089479350
0034604236120
0034604236127
0079089479264
0079089479297
005491167872079
00436641351908
0034604236157
00447738078703
00447738078751
0034604236138
0079089479280
00491702343832
00436641351822
0034604236106
005491167872136
00491702343916
00491702343910
00491702343870
00436641351906
00491702343841
00447738078733
00525575397368
00491702343952
0079089479292
0034604236135
00491702343928
005491167872077
00447738078745
00491702343904
005491167872119
00525575397465
00447738078759
005491167872141
00491702343894
00436641351810
00525575397425
00491702343837
0079089479386
00447738078727
0079089479354
0079089479299
00436641351811
00525575397371
00447738078686
005491167872174
0034604236167
00491702343854
0079089479313
00436641351827
005491167872184
00491702343868
00525575397383
00447738078732
00447738078682
00491702343848
0079089479321
00436641351888
0079089479361
00447738078666
00491702343883
0079089479343
00447738078750
005491167872116
00491702343939
005491167872094
0079089479276
00447738078655
0034604236054
00491702343884
00491702343872
00436641351882
0079089479366
00525575397426
00436641351904
00491702343913
0079089479308
0079089479381
00525575397401
00525575397394
00436641351917
0079089479323
0079089479304
00525575397402
0079089479311
0034604236100
00436641351880
00447738078747
00436641351852
00436641351909
00436641351859
0034604236143
0079089479278
00491702343941
00436641351877
0034604236151
00436641351900
0079089479285
00447738078726
0034604236109
00436641351818
00447738078642
0034604236164
00491702343934
00436641351920
00447738078678
0079089479351
005491167872155
005491167872080
00436641351863
00491702343915
00447738078648
00447738078734
00447738078646
005491167872073
00447738078713
00447738078651
0079089479268
0034604236069
00491702343923
0079089479342
00491702343921
00436641351819
0034604236156
00491702343890
00436641351815
00491702343839
0079089479334
0079089479322
00436641351836
005491167872170
00491702343855
0079089479356
00447738078675
0079089479360
00436641351903
00436641351803
0079089479293
0034604236154
00491702343866
0079089479314
00491702343899
00491702343943
0079089479288
00436641351808
0079089479287
00491702343903
00436641351812
0034604236108
00436641351874
00447738078697
0079089479382
00436641351892
00436641351864
00491702343879
0079089479333
00436641351910
0079089479325
00436641351847
005491167872089
005491167872070
005491167872191
00491702343882
00525575397446
005491167872098
00436641351809
0034604236161
00525575397471
0034604236159
0079089479365
0079089479340
0034604236126
0079089479272
00491702343931
0034604236096
00491702343902
00491702343869
00447738078690
0079089479294
00436641351876
00436641351911
00447738078664
005491167872071
0034604236166
005491167872081
00525575397385
00491702343853
0034604236051
00491702343897
005491167872104
00447738078756
00436641351857
00491702343942
0079089479307
0079089479344
00436641351820
0079089479303
00525575397434
00525575397386
00491702343847
005491167872175
00491702343887
00447738078662
