0034604237023
005491167873064
0034604237029
00436641352689
00491702344723
0079089480240
0079089480180
00447738079588
00491702344807
00491702344763
00491702344757
00436641352746
0034604237005
00491702344774
0034604237039
00447738079605
0079089480238
00525575398265
005491167873051
0034604236941
00525575398238
005491167872951
0079089480249
005491167872956
00436641352766
00436641352785
0034604236992
0034604237019
00491702344720
0034604236967
0079089480171
00436641352728
00447738079579
005491167873004
00436641352702
005491167872978
0079089480188
00491702344758
00447738079538
00436641352686
00491702344800
005491167873007
00447738079608
0079089480145
00491702344801
00436641352696
0034604236936
00491702344744
00436641352695
00491702344711
00436641352688
00491702344822
00491702344751
0079089480242
00491702344813
005491167872963
00491702344743
00447738079593
0079089480153
00491702344749
005491167872992
00447738079554
0034604237007
00491702344754
00491702344777
0034604236971
0079089480197
00447738079630
00491702344780
0079089480166
00436641352753
005491167872965
00436641352754
00525575398304
005491167872986
0079089480210
0079089480258
00436641352786
0034604236922
00447738079546
00491702344705
00525575398244
00436641352733
00436641352699
00525575398350
00436641352684
005491167873043
00436641352764
0079089480172
0034604236921
00447738079573
00491702344762
00491702344755
00447738079547
00491702344733
00447738079612
0034604236956
00525575398234
00447738079633
00491702344710
0079089480146
005491167873037
005491167873026
0079089480255
0034604236969
00447738079536
00525575398309
00436641352763
005491167872990
00491702344825
0034604236943
0079089480202
0034604236964
0034604236991
0079089480158
00491702344816
0034604237013
0079089480236
00491702344805
00436641352698
0034604237001
00525575398268
0079089480163
0079089480164
0034604237035
0079089480144
00525575398324
00436641352779
00447738079544
005491167872955
00525575398302
00436641352742
0079089480219
005491167873013
0034604237003
005491167872975
005491167872959
0079089480182
00491702344823
00447738079533
00447738079580
00447738079589
005491167873052
00525575398276
00491702344752
0034604237010
0079089480179
00436641352765
00436641352722
00447738079531
00491702344802
00447738079622
00491702344727
0034604236960
005491167872974
005491167873036
0034604236934
00525575398253
0079089480187
0034604236937
00447738079543
0034604237017
005491167873050
00491702344761
0034604237020
00447738079576
00491702344783
0034604236978
00491702344771
0079089480207
0034604237026
0079089480173
005491167872988
0034604237031
00525575398262
0034604236983
0034604236946
00491702344760
0079089480222
00436641352732
00491702344712
005491167872982
00447738079572
00436641352703
00525575398237
005491167872948
0079089480161
00436641352700
00491702344764
00491702344785
00525575398339
0034604236944
00436641352707
00447738079568
00491702344820
00447738079583
005491167873049
005491167872943
00525575398288
0034604236955
00436641352697
00436641352708
0079089480203
0034604236995
005491167873012
00436641352789
00491702344715
00491702344818
00436641352757
00491702344772
00436641352745
0079089480178
00436641352685
00436641352771
005491167873010
0079089480151
00436641352755
0034604236970
0034604236996
0079089480186
0079089480154
0034604236975
0034604237028
0079089480231
00447738079519
00525575398261
00491702344781
00436641352775
00491702344821
00436641352752
0079089480226
00436641352801
00436641352711
005491167873005
0034604236966
0079089480200
0034604236924
00491702344745
0079089480165
00436641352705
00436641352693
00447738079535
00491702344793
00436641352717
00525575398258
00525575398242
00491702344790
00491702344739
00525575398352
0079089480140
0079089480209
00491702344804
00491702344707
00491702344827
0079089480214
0034604237040
0034604236939
0034604236979
00525575398332
00436641352744
00491702344769
005491167872969
0034604236989
00491702344806
0034604236974
00525575398326
0034604236985
005491167873053
0034604237032
0034604237009
005491167873003
00491702344730
00525575398273
0034604236977
0034604236998
0034604236938
0079089480247
00491702344779
00436641352727
00436641352776
00491702344819
00447738079551
00491702344732
0034604236940
00436641352780
00436641352773
00436641352772
00491702344808
00436641352725
0079089480246
0034604236926
00436641352767
0034604236947
00491702344787
005491167872958
00447738079552
00436641352799
0034604236965
0034604237016
0034604236928
00436641352777
00447738079514
005491167872954
0079089480185
00436641352749
005491167872946
00525575398303
00436641352719
0034604237002
0079089480205
00447738079567
00447738079582
00447738079566
00447738079571
00491702344766
00436641352795
005491167873017
00447738079602
005491167872957
0034604236988
0079089480235
00436641352774
00525575398312
005491167873021
00491702344713
00436641352726
00447738079562
005491167873042
00491702344794
