00491702338565
0034604230785
005491167866751
00491702338480
005491167866732
0034604230682
00525575392018
00491702338563
0034604230767
0079089473905
00447738073279
0034604230708
00491702338509
0034604230755
0034604230758
00491702338545
0079089473982
00491702338463
0034604230734
0034604230707
00525575392039
0079089473901
0034604230775
00491702338489
005491167866762
00447738073343
0034604230727
00447738073274
005491167866741
00447738073304
00491702338549
00525575392051
0034604230713
00491702338492
00525575392086
0034604230679
0034604230674
0034604230669
0079089473927
0034604230711
0079089473950
0034604230673
00525575391983
0034604230783
005491167866760
0034604230697
00491702338459
00491702338503
0034604230670
00525575392065
00491702338487
00491702338522
0034604230688
0034604230782
005491167866815
005491167866752
0034604230720
0079089473956
00491702338538
00491702338560
00447738073275
00491702338542
0079089473999
0034604230762
0079089473994
00491702338529
005491167866698
0034604230735
00447738073342
0034604230689
0034604230714
00491702338548
0034604230757
0079089473977
0079089473944
005491167866706
005491167866784
0079089473932
0034604230704
005491167866786
00447738073311
00447738073347
0079089473987
00447738073358
00491702338552
0079089473908
00525575392100
0034604230779
00447738073290
00447738073293
00491702338482
00491702338495
005491167866814
005491167866748
00491702338573
00491702338460
00491702338564
00491702338554
0079089473888
005491167866743
0034604230788
005491167866730
0034604230675
00447738073363
00447738073352
0034604230764
00525575392080
0079089474007
00491702338456
005491167866694
0034604230718
00525575392017
0034604230691
0034604230721
0079089473915
005491167866768
0079089473934
00491702338479
00491702338531
00491702338547
00447738073271
0034604230683
00525575392028
00447738073346
005491167866767
0034604230745
00491702338571
005491167866738
00491702338577
0034604230793
00447738073295
00491702338576
0079089473935
00491702338553
0079089474010
0034604230702
0079089474000
0034604230754
00491702338469
00447738073273
00447738073319
00491702338578
0034604230728
0079089474008
0079089473978
0079089474009
00525575391995
00447738073368
005491167866772
0079089473909
00447738073355
005491167866778
005491167866783
00491702338498
00447738073373
0034604230715
00491702338493
00447738073301
0034604230722
005491167866771
00491702338484
005491167866737
00491702338570
0079089473970
0079089473902
0034604230693
00491702338519
00525575392069
0079089473904
00491702338486
005491167866809
0034604230733
00491702338483
00491702338561
0079089473903
005491167866704
0034604230712
0034604230709
00491702338518
005491167866703
0034604230677
005491167866785
005491167866805
005491167866746
00447738073385
0034604230778
005491167866769
005491167866804
00525575392043
0034604230696
0079089473962
00491702338527
00447738073350
0079089473988
00525575392044
0079089473925
005491167866810
00491702338558
00447738073287
00447738073328
0034604230724
0034604230725
00491702338541
00525575392014
00525575392056
0079089473941
00447738073308
0034604230687
00447738073377
00491702338534
0079089474005
00525575392020
00525575392029
0034604230748
0034604230771
0079089473981
005491167866693
0079089473963
00447738073336
0034604230706
0079089473991
005491167866773
0034604230784
0034604230710
00447738073333
00447738073284
0034604230694
0034604230701
0079089473899
00525575392055
00491702338532
0034604230726
0034604230705
0034604230768
00491702338550
00525575392068
00491702338485
0079089473965
0034604230791
00491702338500
