0033676050709
0033676050718
0033676050732
0033676050739
0033676050713
0033676050733
0033676050735
0033676050730
0033676050737
0033676050719
0033676050711
0033676050740
0033676050722
0033676050725
0033676050729
0033676050717
0033676050800
0033676050842
0033676050741
0033676050756
0033676050745
0033676050758
0033676050783
0033676050764
0033676050934
0033676050742
0033676050823
0033676050805
0033676050847
0033676050884
0033676050826
0033676050938
0033676050773
0033676050950
0033676050763
0033676050804
0033676050956
0033676050984
0033676050865
0033676050819
0033676050757
0033676050993
0033676050779
0033676050859
0033676050875
0033676050749
0033676050747
0033676050866
0033676050840
0033676050743
0033676050846
0033676050815
0033676050822
0033676050928
0033676050880
0033676050787
0033676050871
0033676050789
0033676050799
0033676050889
0033676050916
0033676050788
0033676050785
0033676050824
0033676050827
0033676050910
0033676050863
0033676050932
0033676051013
0033676050952
0033676050798
0033676050937
0033676050816
0033676050818
0033676051135
0033676050870
0033676050923
0033676050860
0033676050902
0033676050746
0033676051043
0033676050959
0033676050936
0033676050762
0033676050941
0033676050927
0033676051050
0033676050809
0033676050748
0033676050893
0033676050820
0033676051005
0033676050755
0033676050855
0033676050979
0033676051199
0033676050970
0033676050867
0033676051053
0033676051126
0033676051052
0033676051029
0033676050813
0033676051208
0033676051371
0033676050991
0033676050931
0033676051021
0033676051384
0033676051363
0033676051395
0033676050795
0033676050835
0033676050999
0033676050947
0033676051026
0033676050896
0033676050803
0033676050909
0033676051074
0033676051173
0033676051443
0033676051022
0033676050817
0033676051318
0033676050911
0033676051182
0033676051042
0033676050949
0033676050854
0033676050917
0033676050811
0033676051406
0033676050989
0033676050998
0033676051038
0033676051329
0033676051067
0033676050895
0033676051296
0033676051066
0033676050986
0033676051158
0033676050987
0033676051040
0033676051058
0033676050969
0033676051079
0033676051167
0033676051106
0033676051155
0033676051515
0033676050918
0033676051357
0033676050899
0033676051060
0033676051565
0033676051018
0033676051006
0033676051353
0033676051089
0033676050828
0033676051070
0033676051057
0033676050948
0033676050831
0033676050985
0033676051000
0033676051080
0033676051137
0033676051629
0033676050912
0033676050919
0033676051020
0033676051361
0033676050891
0033676050940
0033676051335
0033676051071
0033676051118
0033676050832
0033676051048
0033676051122
0033676051068
0033676051340
0033676050996
0033676050843
0033676051414
0033676050994
0033676051055
0033676050973
0033676051525
0033676051521
0033676051198
0033676051030
0033676051275
0033676051215
0033676051210
0033676051268
0033676051252
0033676051352
0033676051246
0033676050944
0033676051016
0033676050939
0033676051325
0033676051265
0033676051366
0033676051170
0033676051393
0033676051077
0033676050965
0033676051087
0033676051082
0033676051081
0033676051218
0033676051180
0033676051281
0033676051187
0033676050904
0033676051356
0033676050790
0033676051093
0033676051183
0033676050945
0033676051604
0033676051438
0033676051249
0033676051540
0033676051202
0033676051206
0033676051485
0033676050990
0033676051563
0033676050946
0033676051473
0033676051266
0033676051065
0033676051019
0033676051643
0033676051099
0033676051400
0033676051260
0033676051107
0033676051014
0033676051176
0033676051626
0033676051616
0033676051009
0033676051346
0033676051229
0033676051436
0033676051652
0033676051226
0033676051434
0033676051134
0033676051484
0033676051394
0033676051195
0033676051097
0033676051288
0033676051230
0033676051214
0033676051672
0033676050920
0033676051705
0033676051069
0033676051231
0033676051327
0033676051258
0033676051213
0033676051078
0033676051437
0033676051537
0033676051533
0033676050935
0033676051355
0033676051461
0033676051404
0033676051449
0033676051339
0033676051115
0033676051526
0033676051241
0033676051278
0033676051256
0033676051677
0033676051566
0033676051661
0033676051427
0033676051273
0033676051385
0033676051233
0033676051255
0033676051221
0033676051380
0033676051314
0033676051549
0033676050942
0033676051307
0033676051322
0033676051391
0033676051321
0033676051189
0033676051584
0033676051398
0033676051119
0033676051163
0033676051581
0033676051388
0033676051330
0033676051645
0033676051606
0033676050963
0033676051646
0033676051124
0033676051217
0033676051519
0033676051501
0033676051635
0033676051441
0033676051433
0033676051412
0033676051370
0033676051531
0033676051343
0033676051614
0033676051476
0033676050967
0033676051472
0033676051190
0033676051445
0033676051548
0033676051347
0033676051301
0033676051499
0033676051297
0033676051242
0033676051216
0033676051332
0033676051558
0033676051323
0033676051685
0033676051496
0033676050983
0033676051457
0033676051422
0033676051359
0033676051223
0033676051244
0033676051469
0033676051534
0033676051687
0033676051550
0033676051530
0033676051245
0033676051507
0033676051674
0033676051239
0033676051452
0033676051594
0033676051633
0033676051552
0033676051588
0033676051675
0033676051704
0033676051575
0033676051619
0033676051248
0033676051561
0033676051587
0033676051631
0033676051396
0033676051338
0033676051292
0033676051628
0033676051490
0033676051358
0033676051203
0033676051193
0033676051609
0033676051382
0033676051648
0033676051659
0033676051409
0033676051027
0033676051444
0033676051337
0033676051634
0033676051536
0033676051506
0033676051641
0033676051369
0033676051589
0033676051397
0033676051493
0033676051458
0033676051162
0033676051418
0033676051305
0033676051405
0033676051593
0033676051194
0033676051510
0033676051455
0033676051470
0033676051098
0033676051567
0033676051559
0033676051576
0033676051681
0033676051287
0033676051564
0033676051693
0033676051254
0033676051467
0033676051684
0033676051502
0033676051431
0033676051284
0033676051220
0033676051527
0033676051450
0033676051622
0033676051138
0033676051512
0033676051538
0033676051556
0033676051386
0033676051486
0033676051621
0033676051320
0033676051570
0033676051627
0033676051518
0033676051670
0033676051623
0033676051603
0033676051408
0033676051541
0033676051625
0033676051636
0033676051601
0033676051620
0033676051054
0033676051500
0033676051491
0033676051487
0033676051572
0033676051698
0033676051503
0033676051592
0033676051657
0033676051573
0033676051415
0033676051596
0033676051483
0033676051683
0033676051658
0033676051310
0033676051640
0033676051694
0033676051600
0033676051644
0033676051632
0033676051663
0033676051319
0033676051426
0033676051259
0033676051678
0033676051706
0033676051271
0033676051432
0033676051294
0033676051407
0033676051700
0033676051701
0033676051367
0033676051435
0033676051509
0033676051547
0033676051668
0033676051598
0033676051482
0033676051513
0033676051127
0033676051571
0033676051174
0033676051660
0033676051615
0033676050885
0033676051529
0033676051186
0033676051649
0033676051699
0033676051300
0033676051311
0033676051315
0033676051348
0033676051381
0033676051462
0033676051642
