005491167872279
00491702343969
0079089479432
0079089479479
00491702344014
005491167872315
00491702344057
0034604236206
00491702344035
00436641352020
00525575397530
00447738078830
0079089479388
0034604236261
0079089479469
00491702344033
00491702344076
00436641352045
0079089479456
00447738078853
00491702344005
0079089479422
005491167872275
00436641352050
00436641352044
00525575397522
00491702343955
00436641351930
00447738078770
00447738078805
00447738078775
00447738078832
00436641352024
0034604236181
00447738078797
0079089479464
005491167872284
0079089479470
0079089479461
00436641352034
00436641351960
0034604236287
00491702344061
0034604236286
00447738078864
00436641351957
00447738078878
005491167872231
00491702344018
005491167872305
00491702344004
00447738078835
00436641352032
00525575397568
00447738078788
0079089479427
00491702344048
00447738078857
005491167872251
00436641352004
00491702343976
00525575397533
0079089479476
005491167872254
00436641352036
00436641351967
00491702344054
00491702344045
005491167872237
005491167872298
0034604236220
005491167872301
005491167872216
00491702344028
00447738078873
00436641351934
00525575397550
005491167872248
005491167872311
0079089479440
0079089479500
00525575397548
00447738078875
0034604236202
0034604236240
00436641352006
00436641351933
00447738078845
005491167872226
00436641352017
00436641352025
00447738078834
005491167872200
00491702343996
00491702344077
0034604236233
0034604236229
0034604236187
0079089479486
005491167872262
0034604236192
00491702344075
00447738078870
0034604236218
0034604236283
00436641352019
00491702344042
0079089479471
00447738078812
005491167872299
00525575397575
00447738078806
0034604236174
00436641352021
00491702343965
00491702343966
0034604236278
00491702344060
00436641352015
0034604236236
0034604236175
005491167872306
00436641352009
00491702344022
005491167872220
00436641352002
005491167872317
00491702343970
005491167872295
00447738078866
00491702343982
0079089479466
0034604236215
005491167872255
0034604236196
00436641351977
00491702344008
005491167872201
00491702343975
00491702344043
0034604236259
00491702344073
00491702344047
0079089479455
00447738078869
005491167872263
00447738078765
00447738078799
0034604236219
00447738078776
0034604236232
005491167872205
0079089479509
00436641351981
0079089479505
00491702344006
00447738078816
0079089479468
0079089479409
00491702343994
005491167872236
0079089479502
0034604236184
0034604236225
00525575397586
0079089479405
0079089479425
005491167872221
00436641352035
0034604236176
00436641352026
0034604236172
00436641352030
005491167872238
00525575397484
00525575397487
0034604236183
0079089479508
0034604236208
00491702343986
005491167872233
0034604236188
00436641352040
0079089479437
0034604236227
005491167872223
0079089479426
0079089479492
0034604236277
0034604236242
00436641352018
00436641352005
00491702344019
0034604236251
005491167872234
00525575397515
0034604236264
00491702343979
00491702344065
0034604236217
0034604236270
00436641352031
00491702344055
00491702344000
00525575397517
00436641352046
0079089479460
00436641352014
00436641351955
00491702344078
00447738078773
00447738078876
00436641352012
0079089479421
00491702344079
00436641351935
00491702344023
0034604236209
0034604236224
0034604236275
0079089479491
00491702344025
00491702344024
0034604236272
00525575397606
00436641352003
005491167872215
00436641352028
005491167872208
0079089479467
00436641351941
0079089479435
0079089479465
00491702343995
0079089479406
0034604236285
00447738078780
00436641351948
0079089479397
0079089479415
00525575397524
005491167872252
00447738078803
0079089479458
00491702344072
0034604236263
005491167872253
0034604236173
00447738078819
00436641352051
00447738078795
0034604236238
00525575397510
0079089479504
00491702344070
00491702343978
00525575397599
00447738078852
00491702343981
00447738078828
00491702344001
00447738078796
00447738078883
00491702344032
00447738078779
0034604236223
0034604236199
0034604236276
0079089479424
0079089479474
005491167872309
00436641351950
00447738078810
00436641352049
00491702344071
0079089479457
00436641352043
00447738078782
00447738078768
0034604236212
00436641351949
0034604236171
00436641351952
0079089479410
00447738078865
0034604236243
00491702343992
00491702343985
0079089479413
00436641351939
0034604236186
0079089479498
00447738078879
005491167872278
00436641351969
00525575397504
00491702343972
00447738078818
00525575397520
00436641351978
0034604236271
005491167872308
00447738078811
005491167872207
00491702343962
005491167872222
00491702343963
0079089479490
0034604236177
00525575397605
00491702344050
0079089479416
0034604236179
00436641352038
00491702344044
