00447738075829
0079089476471
0034604233231
00447738075828
00491702341045
00491702341007
00491702341002
005491167869264
0079089476497
0079089476461
00525575394598
00436641349019
00447738075786
00436641349025
00491702341064
0079089476430
0034604233202
00491702340976
00447738075782
00491702340959
005491167869237
005491167869198
005491167869296
0079089476391
005491167869280
00447738075803
0034604233251
00447738075854
00436641349008
00436641349005
005491167869238
0079089476419
00436641349047
00491702341075
0079089476441
005491167869292
00491702340969
0079089476481
0034604233195
00491702341056
00525575394539
00447738075805
005491167869243
0034604233256
00447738075886
00447738075775
00436641349001
0034604233207
00491702340993
00491702341059
005491167869289
005491167869252
00447738075835
0034604233249
005491167869302
00525575394535
005491167869231
00436641349041
00447738075826
00491702340989
005491167869224
005491167869240
005491167869193
0079089476432
0079089476416
00525575394578
00491702341012
0079089476444
005491167869259
00447738075783
00436641349029
0034604233172
0034604233247
005491167869276
00491702340984
00525575394503
0034604233208
0034604233238
0079089476408
0034604233261
00525575394580
00447738075808
0079089476493
0034604233204
0034604233190
00491702341043
00525575394534
00447738075820
00447738075794
00491702340994
00491702340970
0079089476413
00491702340961
00436641349052
00491702340963
00491702341042
005491167869234
00491702341014
005491167869209
00436641349045
0079089476398
005491167869213
0079089476510
005491167869241
0079089476457
00447738075815
00491702341003
005491167869295
0034604233174
005491167869223
00447738075883
0079089476420
00447738075792
00491702340972
005491167869308
00447738075865
00491702340980
0034604233235
00525575394577
00436641349024
00491702340968
00447738075788
0079089476474
005491167869204
00491702341057
00436641349011
0079089476452
00447738075848
00491702341044
0079089476395
00447738075787
0079089476450
005491167869203
0079089476438
0079089476400
00525575394493
00491702341001
00491702341038
005491167869281
00525575394500
0079089476455
00436641349020
0034604233193
005491167869285
00491702341041
0079089476406
00447738075801
00491702341010
00436641349006
005491167869274
005491167869250
00525575394537
0079089476426
0034604233259
0079089476472
00491702341036
00491702341055
005491167869311
0034604233173
00447738075785
00447738075817
005491167869242
0034604233237
00491702340962
0079089476463
00436641349046
00436641349040
0079089476412
0079089476496
00491702340992
00436641349028
00491702341071
00436641349007
00491702341026
0079089476393
00491702340955
00436641349043
005491167869226
0034604233270
00491702341047
0079089476499
0034604233232
00491702341004
00436641349042
00436641349022
005491167869212
0034604233258
0079089476422
005491167869306
00491702341052
00491702341078
0079089476480
00436641349021
005491167869268
00436641349039
0079089476460
005491167869249
0034604233285
0034604233278
00491702341066
005491167869248
005491167869199
00447738075874
00447738075814
005491167869315
00491702341008
005491167869202
0034604233182
00491702341063
005491167869278
00491702341020
0034604233196
00447738075868
00436641349051
00525575394492
00436641349010
00447738075860
0034604233283
0034604233242
00436641349004
00491702341006
00525575394560
00436641349035
005491167869312
00525575394568
0034604233198
005491167869267
00436641349049
0079089476402
00525575394591
0034604233194
00525575394514
005491167869207
00491702341079
00491702341017
005491167869317
0034604233262
00525575394600
005491167869208
0034604233183
00447738075802
0079089476502
00447738075872
00436641349002
00447738075861
0079089476448
005491167869229
00436641349013
00525575394507
0034604233243
005491167869284
005491167869220
00491702341023
0034604233248
00447738075798
00436641349023
0079089476451
00525575394589
005491167869256
0034604233287
00447738075847
00491702340988
00525575394584
005491167869255
00491702341065
00491702341060
0034604233191
00491702340986
