0034604237189
0079089480504
00491702345005
0034604237182
0034604237278
00491702344958
0079089480440
005491167873300
0034604237263
00491702344998
00436641353012
00491702345051
00436641352959
00491702344988
0079089480482
00447738079841
0079089480462
0079089480499
00436641353051
00436641353025
0034604237267
00436641352940
00436641352933
005491167873243
0034604237223
005491167873238
0034604237209
00491702344982
0079089480424
00436641353045
00491702345008
0034604237254
00447738079842
0079089480507
0034604237226
00525575398516
005491167873225
00436641353003
00491702345014
00491702345053
0079089480417
0079089480419
0034604237177
00436641353049
00491702345033
00447738079817
00436641352955
0079089480439
005491167873205
00491702345016
00436641352939
0034604237244
005491167873277
00491702345047
0079089480486
005491167873233
0034604237292
00436641353014
00447738079768
00436641353002
00491702344970
00491702345049
0034604237256
0079089480435
00447738079802
0079089480491
0079089480410
00447738079867
00436641353007
00447738079796
00436641353046
00447738079866
00436641352937
00436641352998
00491702345013
0034604237224
0034604237197
00491702345077
00491702345065
00491702345078
00447738079813
00491702344962
00525575398508
00491702345044
00491702345041
00491702345028
00491702345045
005491167873213
005491167873288
00436641352995
0034604237273
00447738079791
005491167873316
00436641353038
00491702345022
0034604237249
0079089480422
00436641352986
00436641352944
00491702344972
00491702345056
00447738079784
00436641352943
00436641353052
0079089480502
00447738079805
00491702345021
00491702344963
00436641352987
005491167873199
0034604237277
0034604237170
0079089480416
005491167873210
005491167873254
005491167873293
0034604237212
0034604237219
0079089480425
00447738079821
00491702345001
0034604237264
00491702344969
0034604237261
00525575398509
005491167873217
00436641353031
00491702345000
00447738079800
0034604237289
00436641352993
0079089480420
005491167873197
005491167873211
00436641353011
0034604237200
0034604237187
0034604237287
0034604237283
0079089480427
0034604237179
00491702345027
0034604237259
00525575398511
00525575398573
0079089480505
0079089480409
00525575398517
0079089480433
00491702345071
00447738079869
00436641353029
005491167873272
0034604237232
0034604237286
00491702345079
00491702344968
00447738079833
0079089480464
0034604237206
0034604237211
0034604237274
0079089480395
00447738079799
00491702345054
0034604237268
00491702345048
00491702345003
0034604237188
00447738079874
00525575398601
005491167873247
00436641352983
00447738079836
0079089480399
005491167873202
0034604237285
00491702345058
00525575398523
00436641352988
0034604237216
00436641353023
005491167873260
005491167873255
0079089480458
0034604237279
00436641352999
005491167873281
005491167873317
0034604237240
005491167873193
00491702345040
00447738079881
00447738079885
00447738079831
0079089480397
00491702345038
0034604237231
00436641353000
00447738079839
00436641353015
0079089480470
0034604237196
00447738079815
00436641352990
00447738079814
00491702345025
00491702344997
005491167873239
00447738079763
0079089480431
00525575398552
00436641353004
00436641353028
0034604237220
00436641352952
00436641352977
005491167873215
00491702345062
00436641352965
005491167873248
0034604237275
005491167873203
00491702345046
00491702345007
0079089480463
0079089480403
005491167873314
00491702344957
00436641352967
00447738079879
00491702345011
005491167873204
00447738079840
005491167873230
0079089480468
0079089480448
00491702345042
00436641352930
00491702345068
005491167873250
00525575398524
0034604237265
00447738079782
005491167873285
00436641352964
00491702345036
0079089480489
00447738079777
005491167873270
00525575398558
00525575398491
0034604237272
00525575398536
00447738079779
0079089480407
00491702345023
005491167873283
00436641353047
005491167873241
00525575398570
0034604237202
005491167873301
00491702345002
00525575398563
00436641352935
0079089480500
0034604237257
00436641352931
00491702345026
00436641353030
00447738079809
005491167873264
005491167873291
0079089480428
00447738079781
00436641353009
00491702345073
0079089480460
005491167873306
00436641352992
00436641352963
0034604237186
00491702345010
00491702345017
00436641353041
0034604237247
0079089480393
00491702345060
0079089480510
00491702344985
00436641352958
0079089480402
005491167873273
005491167873294
00436641352948
0079089480414
00491702344974
00447738079794
00491702345020
00491702345067
005491167873298
00436641352932
00525575398550
0079089480459
00436641352962
00436641353042
00447738079804
0034604237235
0034604237291
0034604237293
005491167873309
00491702344984
0034604237204
00447738079770
0079089480454
00491702345019
00436641352974
00491702344999
0079089480412
00491702345075
0079089480494
0079089480498
00447738079860
00447738079863
0034604237255
00447738079861
00491702344993
00436641353043
00436641352978
00525575398498
0079089480483
005491167873231
00436641353044
00436641352928
00491702344990
0034604237227
00525575398579
0034604237280
0079089480451
005491167873295
0079089480476
005491167873262
0034604237172
0079089480452
0079089480484
00491702344996
00525575398535
0034604237288
0079089480461
00491702345074
00491702345050
00436641353021
005491167873236
00447738079812
00436641353050
00447738079886
005491167873292
0079089480423
00491702345061
005491167873280
005491167873237
00491702345015
005491167873219
00491702345039
00491702345063
00447738079884
00436641352945
0034604237205
00436641353035
0079089480398
00491702344975
00491702345072
00525575398581
0079089480413
00447738079773
00447738079835
0079089480477
00491702344978
00491702344971
00491702344979
00525575398554
0079089480438
00436641353019
0079089480434
00436641352991
00525575398529
00525575398507
00525575398586
0079089480396
00436641353010
