0079089474644
005491167867552
0079089474668
00491702339249
00491702339279
0079089474748
005491167867506
00491702339243
0034604231480
005491167867488
00491702339284
0079089474656
0079089474738
00491702339312
00491702339262
005491167867473
005491167867556
0079089474722
0079089474751
00491702339241
005491167867470
00447738074066
0034604231466
0079089474664
00491702339236
0034604231494
0034604231475
0079089474757
0034604231438
0034604231471
0079089474695
0079089474725
0034604231482
005491167867455
005491167867446
00491702339306
00491702339251
0034604231538
00447738074049
0034604231540
00447738074065
0034604231434
0034604231489
0034604231462
0079089474705
0034604231455
0079089474747
0079089474715
0034604231437
0079089474652
0079089474756
00491702339214
00491702339275
0079089474743
0034604231472
005491167867562
00525575392831
00447738074034
0034604231522
00525575392854
0034604231526
005491167867444
0034604231483
0034604231532
00491702339269
005491167867501
0079089474654
0079089474670
005491167867564
005491167867483
0034604231441
00491702339257
00525575392771
0079089474693
00525575392850
00447738074090
0034604231474
005491167867542
00491702339219
005491167867475
0034604231516
0079089474708
0034604231525
00525575392761
00491702339329
00491702339267
0079089474707
00491702339292
0079089474755
0034604231424
005491167867543
00491702339316
0034604231461
00491702339225
00491702339211
00491702339296
0034604231460
005491167867512
005491167867462
0034604231447
00491702339307
0034604231486
0034604231442
0079089474676
005491167867467
00447738074098
00447738074073
00447738074055
0034604231463
00491702339253
00525575392766
0034604231470
00491702339259
00491702339212
0079089474709
0034604231539
0079089474660
0079089474718
005491167867485
00447738074124
00491702339314
00525575392792
00447738074047
005491167867525
00491702339206
00525575392738
00525575392782
0034604231528
0034604231443
0079089474744
00491702339213
0079089474677
00491702339293
00491702339265
00447738074075
0079089474703
005491167867554
005491167867464
0034604231501
005491167867461
00491702339300
005491167867566
005491167867567
0034604231429
00491702339263
00525575392770
0034604231500
00491702339233
005491167867503
00491702339229
0034604231531
0034604231481
00491702339273
0034604231511
00491702339276
0079089474696
0034604231427
0034604231469
00491702339318
00491702339207
005491167867481
00491702339232
00525575392802
0034604231523
0034604231459
0034604231458
005491167867482
005491167867476
00491702339256
0079089474686
00447738074111
00447738074109
0034604231445
005491167867527
0079089474739
005491167867479
005491167867563
005491167867494
0034604231446
00491702339282
00447738074132
00491702339288
00491702339239
005491167867524
00525575392856
0079089474685
0079089474724
00491702339283
00491702339255
00491702339278
0034604231510
0079089474720
0079089474746
00491702339281
0079089474704
0034604231497
0034604231499
0034604231518
00491702339271
005491167867468
005491167867459
0034604231452
0079089474706
0034604231517
00491702339319
005491167867528
005491167867469
00525575392790
0079089474741
0079089474701
005491167867530
00525575392815
00491702339217
0079089474712
0034604231419
005491167867515
0034604231508
0079089474655
0079089474665
0079089474713
00447738074123
0034604231439
00491702339315
00491702339322
005491167867496
00491702339294
00491702339266
0079089474646
005491167867545
0034604231512
00491702339216
0034604231533
0034604231428
00491702339254
0079089474690
0034604231537
00491702339222
0079089474729
00525575392791
00491702339290
00491702339258
00491702339264
