0079089479110
0079089479058
00436641351560
00491702343640
005491167871827
00447738078431
00447738078467
00436641351642
00436641351676
005491167871835
0079089479049
00447738078403
00491702343594
0079089479027
00491702343632
0079089479071
00436641351602
00447738078404
0079089479116
00436641351573
00491702343614
00447738078391
0079089479046
0034604235897
00436641351611
00436641351630
00491702343626
0079089479097
00447738078469
0079089479128
00525575397225
00436641351664
00491702343651
00436641351574
0034604235913
00436641351639
00491702343636
00491702343635
005491167871863
0034604235891
00436641351615
00447738078407
005491167871858
0079089479077
005491167871881
0034604235875
005491167871913
00525575397124
0079089479103
00447738078420
0079089479088
0079089479073
0079089479129
00436641351554
00447738078396
005491167871842
00436641351586
00491702343666
0034604235910
00436641351659
005491167871871
005491167871878
00436641351675
0034604235795
0034604235833
0034604235797
0079089479031
00491702343625
00491702343622
005491167871897
00447738078445
0079089479135
0034604235827
0079089479115
00436641351581
00525575397173
0079089479051
00447738078395
00436641351620
00491702343593
0034604235859
00447738078394
0034604235865
00436641351621
00525575397170
00447738078509
00525575397183
00447738078495
0034604235901
00447738078491
00436641351619
00447738078502
00491702343665
00491702343659
00447738078496
00491702343682
0034604235848
0079089479017
005491167871876
0034604235840
00491702343660
00436641351655
005491167871914
00491702343648
00491702343611
0079089479034
00525575397190
00491702343689
00436641351616
005491167871938
00447738078464
00436641351582
00491702343697
0079089479109
00525575397145
005491167871821
005491167871926
00436641351661
0034604235820
00447738078446
00436641351605
00436641351593
0034604235892
00447738078448
0034604235817
0034604235818
0079089479130
0079089479054
00447738078418
00436641351576
00436641351600
00491702343616
0079089479064
00525575397200
0079089479022
00525575397215
00436641351564
0034604235802
00491702343628
00447738078483
00447738078488
0034604235890
00491702343694
00525575397231
0079089479066
00436641351558
0079089479095
00491702343667
005491167871911
0034604235904
005491167871870
0079089479084
0034604235912
00525575397167
00436641351566
00491702343692
00436641351567
0079089479082
00436641351606
00436641351572
00436641351609
0079089479067
00491702343608
0034604235843
0034604235794
00436641351634
00436641351590
00491702343637
0034604235907
0079089479083
005491167871845
0079089479099
0034604235852
00436641351660
0079089479105
005491167871916
00491702343690
00436641351612
0034604235872
00491702343679
0079089479108
00436641351658
00491702343644
00436641351670
0079089479123
00491702343598
0079089479098
005491167871834
0079089479134
0079089479101
0034604235803
0034604235895
0034604235801
00491702343583
00491702343658
005491167871899
00436641351570
0034604235812
0034604235870
0079089479094
0079089479085
00436641351633
0079089479127
0034604235903
00491702343672
0079089479016
005491167871886
005491167871884
00491702343607
00491702343584
00436641351610
00491702343627
0034604235853
00447738078405
0079089479133
005491167871921
005491167871837
005491167871873
00436641351571
00525575397139
00436641351623
0034604235862
00436641351636
00491702343618
0079089479104
005491167871888
00436641351640
0079089479043
00491702343704
0034604235871
0034604235836
00436641351617
00491702343638
00525575397229
0079089479063
0034604235796
00436641351656
0079089479117
00436641351588
00447738078472
005491167871875
00436641351595
0034604235869
00491702343597
00436641351585
0034604235884
00491702343664
00491702343687
005491167871819
00491702343613
00491702343642
00491702343639
0034604235799
0034604235860
00491702343681
0079089479026
00447738078453
00436641351553
00436641351646
00447738078487
00491702343671
0079089479037
00491702343600
0034604235856
00436641351557
00436641351579
00491702343686
005491167871864
00436641351625
00436641351674
00447738078427
00436641351601
0034604235838
00436641351580
0079089479057
005491167871929
0034604235905
00436641351577
00436641351598
005491167871841
0034604235867
0034604235829
0079089479091
00491702343677
005491167871932
00525575397112
00491702343592
00436641351651
0034604235830
0079089479048
00447738078400
0079089479015
0079089479087
005491167871885
0034604235851
00436641351603
00491702343646
005491167871889
005491167871900
00447738078408
0079089479076
00491702343601
00447738078451
00436641351652
0034604235893
0079089479039
0079089479111
0034604235824
00436641351666
00447738078410
00447738078474
00525575397226
00436641351644
0034604235918
00525575397193
0034604235889
005491167871829
0034604235808
00436641351626
00491702343675
0079089479059
005491167871902
00436641351607
0034604235850
005491167871832
0034604235804
0079089479107
00491702343581
0034604235855
00436641351624
005491167871939
00447738078423
00491702343668
0034604235849
00491702343699
