0034604235615
0079089478803
0079089478839
00491702343360
00436641351402
005491167871638
0079089478881
00447738078186
00447738078227
00491702343359
0034604235592
0079089478766
005491167871627
005491167871582
00436641351374
00436641351362
0034604235628
0034604235650
00491702343370
00436641351394
005491167871598
0079089478880
00436641351371
00436641351347
00447738078156
0079089478806
00436641351351
00436641351310
00436641351325
0034604235604
00491702343449
0034604235614
0034604235626
00491702343443
00436641351381
00491702343397
0079089478882
0079089478808
0079089478844
0079089478840
0079089478856
00436641351424
00436641351411
00447738078231
00525575396893
0079089478789
00491702343390
005491167871603
0034604235627
00447738078148
00436641351319
0079089478866
0079089478878
00491702343395
00447738078143
00491702343374
0079089478824
0079089478851
0079089478793
0034604235594
00525575396876
0079089478799
0034604235572
00491702343442
0034604235597
00491702343433
005491167871628
0079089478764
00447738078257
0034604235629
0079089478802
005491167871685
00436641351355
00525575396908
00491702343350
005491167871648
00436641351321
005491167871675
00447738078224
00491702343381
00525575396906
0079089478845
0079089478776
00491702343426
0079089478804
00447738078202
0079089478843
00436641351359
00525575396973
0079089478767
005491167871677
00491702343347
00436641351318
005491167871605
00436641351410
00491702343385
0034604235660
00491702343336
0034604235632
005491167871646
00447738078251
00447738078178
0034604235638
00436641351311
0079089478868
00491702343332
0034604235569
00436641351336
00447738078199
00436641351346
00436641351366
00491702343378
00491702343331
0034604235633
00436641351426
005491167871597
00491702343403
00436641351363
0079089478842
00436641351376
00447738078207
00491702343448
00436641351385
0034604235662
0034604235635
00491702343335
0079089478848
0079089478862
00491702343411
00491702343345
005491167871612
0034604235585
005491167871596
00491702343349
0034604235636
00447738078232
0034604235603
005491167871618
00525575396961
0034604235613
0079089478869
0079089478780
00436641351388
0034604235573
00447738078241
005491167871601
0079089478798
00436641351418
0079089478801
0034604235630
00491702343388
0079089478814
00436641351408
0034604235619
00447738078204
00436641351333
00436641351417
0079089478782
00436641351384
00491702343423
0034604235652
0034604235583
00436641351316
00447738078221
005491167871662
00436641351305
00436641351323
00436641351373
0079089478819
00491702343450
00436641351334
0034604235545
00491702343351
00436641351342
00436641351403
00436641351353
0034604235581
00491702343379
0079089478790
00436641351326
00436641351375
00491702343399
0034604235657
005491167871593
00491702343369
005491167871650
00491702343424
00436641351328
00491702343451
00491702343364
0079089478797
00491702343445
0079089478884
0034604235642
0034604235622
00436641351350
00436641351348
0079089478865
00525575396937
0034604235578
00447738078261
0079089478887
0034604235624
00491702343428
00447738078141
0034604235616
00491702343368
00525575396913
00525575396981
0079089478784
00436641351330
005491167871666
00436641351358
0079089478772
0079089478834
00491702343376
005491167871617
00436641351361
0034604235575
0079089478816
00436641351412
0079089478850
00491702343421
00436641351397
00525575396898
0034604235643
00491702343344
00436641351370
00436641351367
005491167871604
00436641351425
0079089478794
00436641351340
00447738078168
00491702343420
0034604235606
005491167871599
005491167871658
0034604235568
0034604235645
0079089478854
0079089478886
00447738078211
00491702343337
0079089478781
005491167871575
00525575396903
0079089478769
0079089478813
0079089478820
005491167871690
00491702343343
0034604235587
0079089478818
0034604235618
0034604235605
00447738078223
00447738078194
00436641351406
0079089478809
00491702343419
0079089478860
0079089478885
00525575396907
005491167871568
005491167871640
00436641351365
00436641351421
005491167871645
00436641351314
00491702343434
0034604235595
00491702343398
005491167871616
00447738078219
00436641351378
0079089478788
0034604235648
00436641351368
00436641351332
00525575396964
00447738078165
00447738078171
00436641351414
005491167871651
00436641351407
00525575396872
005491167871684
00491702343330
00491702343394
00491702343389
00447738078198
0034604235611
00447738078169
0079089478849
0079089478770
0079089478835
00436641351322
00491702343355
005491167871657
00447738078197
0034604235658
00491702343383
0034604235639
0034604235598
005491167871631
005491167871669
00436641351335
00436641351415
00525575396976
00436641351413
0079089478810
00447738078190
0034604235667
00436641351331
00447738078184
0034604235560
00447738078151
00436641351360
00447738078230
00491702343396
00436641351372
0034604235589
0079089478821
0079089478827
00436641351315
00525575396927
00491702343405
0079089478847
00525575396934
00491702343453
00491702343341
00436641351427
00491702343417
