00491702342481
00436641350518
00436641350534
0079089477987
005491167870709
005491167870695
00447738077267
00491702342562
00447738077371
00436641350443
005491167870715
0079089477922
00436641350506
00436641350437
0079089477900
005491167870771
0079089477946
00436641350477
00491702342576
0079089477888
0079089477997
00447738077376
0079089478010
005491167870728
00436641350536
00436641350461
00436641350469
005491167870763
00491702342472
00436641350512
005491167870736
005491167870752
00447738077263
00447738077387
00491702342463
005491167870765
005491167870758
00491702342492
00491702342523
00436641350513
0079089477913
00491702342566
0079089477950
00436641350432
0079089477940
005491167870717
0079089477916
00436641350509
00491702342554
00436641350475
00491702342547
005491167870795
00525575396000
005491167870749
005491167870796
00447738077284
00436641350546
00447738077307
00436641350440
00447738077382
0079089477942
00436641350514
00491702342468
0079089478012
00436641350474
005491167870741
00447738077384
00436641350540
00491702342545
00447738077349
00491702342571
0079089478000
0079089477955
00491702342526
005491167870783
00436641350431
00436641350511
00436641350519
0079089477996
0079089477949
00447738077280
00447738077343
00491702342559
0079089477970
00491702342480
00447738077330
0079089477896
0079089477917
00491702342505
005491167870711
00447738077359
00436641350545
0079089477924
00447738077353
00436641350502
00447738077374
00491702342488
005491167870702
00436641350543
0079089477890
00447738077333
00491702342542
005491167870718
00436641350471
00525575396037
00436641350456
00491702342518
0079089477893
00447738077279
00436641350488
0079089477919
0079089477932
0079089477889
0079089477894
005491167870788
005491167870782
0079089477898
005491167870761
00447738077364
00436641350484
00447738077314
00447738077297
00447738077337
0079089477915
00436641350434
00436641350508
00525575396006
00447738077269
00491702342573
00447738077322
00491702342487
00436641350444
00436641350529
0079089477891
00525575396101
00447738077281
00436641350507
00436641350453
0079089477905
00447738077380
00491702342456
00447738077299
00525575396038
00436641350460
00525575396100
00436641350501
005491167870747
005491167870734
00491702342565
00436641350476
00491702342475
005491167870762
0079089477976
005491167870780
0079089478002
00447738077372
005491167870737
00436641350449
00436641350433
0079089477937
00436641350490
00436641350533
00491702342471
00447738077309
005491167870804
005491167870693
0079089477958
00447738077266
005491167870773
0079089477904
005491167870777
00436641350483
00436641350500
005491167870753
00491702342538
00525575395983
005491167870807
00436641350430
00491702342579
005491167870704
00525575396013
005491167870730
0079089478009
005491167870714
00436641350535
00447738077298
00491702342473
0079089477952
00491702342536
00491702342539
00447738077286
00447738077319
0079089478001
00447738077361
005491167870786
00491702342485
00525575396085
00436641350528
00436641350462
00491702342534
00525575396078
00447738077300
00436641350499
005491167870806
0079089477994
0079089477957
0079089477934
00491702342529
0079089478006
005491167870768
0079089477980
005491167870789
005491167870798
0079089477965
005491167870790
00436641350517
00491702342510
00436641350451
005491167870794
00436641350435
00436641350480
00436641350530
00491702342502
0079089477908
00436641350525
00491702342490
0079089477938
00491702342564
005491167870729
00436641350523
00491702342513
00436641350527
00436641350497
005491167870785
00491702342495
00436641350472
00491702342552
005491167870800
005491167870760
0079089477993
00447738077358
00436641350498
005491167870748
005491167870751
00436641350515
00436641350470
00447738077287
00525575396086
00491702342575
00436641350446
00436641350441
00436641350445
00525575396105
00491702342543
00436641350442
00525575395991
00491702342556
005491167870757
00436641350551
00447738077377
005491167870811
00491702342494
005491167870738
005491167870779
00525575396063
00447738077357
0079089477892
0079089477897
005491167870740
00436641350439
005491167870815
00491702342462
00491702342466
00491702342458
00447738077290
00491702342504
00491702342557
00491702342467
00447738077351
00525575396070
00436641350482
00436641350438
00436641350455
00436641350552
0079089478011
005491167870706
0079089477967
005491167870721
005491167870694
00525575396104
00525575396099
00436641350544
0079089477943
005491167870703
00491702342511
00436641350494
0079089477954
00525575396077
