00525575391649
0079089473536
005491167866326
00491702338084
0034604230363
0034604230392
0034604230295
0079089473589
0034604230306
00447738072897
0034604230401
0079089473585
005491167866435
0079089473551
00447738072985
00491702338096
00491702338173
005491167866342
0034604230418
005491167866386
005491167866332
005491167866369
0034604230360
0079089473538
005491167866392
005491167866358
00491702338102
005491167866412
0034604230417
00447738072984
005491167866325
00491702338182
0034604230308
0034604230391
00447738073010
00491702338101
00447738072918
0079089473516
00491702338185
00491702338164
00491702338188
0079089473632
005491167866395
00447738072963
0079089473580
0034604230416
00447738072981
0034604230390
005491167866401
00447738072912
00447738072919
00525575391691
00491702338187
00447738072965
0079089473539
0034604230376
00491702338083
00491702338197
0034604230332
0034604230394
0034604230302
00491702338120
005491167866426
00491702338186
005491167866411
00491702338153
00447738072950
00491702338141
005491167866404
0079089473610
0079089473544
0079089473518
00447738072967
005491167866333
0034604230411
00491702338150
0034604230396
0079089473529
00491702338115
00491702338082
0034604230304
005491167866396
0034604230294
00447738072901
0034604230336
0079089473599
00447738072951
0034604230346
005491167866418
0079089473565
0079089473519
00491702338183
005491167866362
00525575391731
00525575391611
00491702338202
0034604230389
005491167866427
0079089473556
005491167866419
0079089473582
0034604230322
00491702338194
00525575391686
0034604230342
0079089473636
0079089473523
0079089473621
00491702338100
0079089473602
0079089473594
005491167866324
005491167866345
00525575391665
0034604230400
00491702338116
00525575391639
00491702338161
0034604230310
0079089473530
00491702338098
00525575391682
00447738072952
0079089473587
0079089473515
005491167866330
005491167866433
005491167866341
0079089473561
00491702338130
005491167866417
005491167866400
00491702338137
00525575391657
00491702338181
0079089473557
0079089473541
0079089473615
0079089473592
00447738072957
0079089473611
00491702338144
00491702338171
005491167866347
00491702338080
00491702338162
00491702338110
005491167866355
0034604230370
00447738072927
0079089473514
0079089473590
00525575391681
00525575391709
00447738072890
0034604230309
00491702338204
005491167866371
0079089473520
00447738072932
0034604230337
0079089473513
00491702338091
005491167866388
00491702338142
0079089473564
00447738072977
0079089473623
00447738073011
005491167866415
0079089473547
005491167866365
0034604230352
00491702338121
0079089473626
00491702338124
005491167866428
0034604230364
0034604230340
0079089473588
005491167866434
005491167866354
005491167866436
00491702338099
00491702338104
0079089473527
005491167866438
0079089473619
005491167866329
005491167866356
0034604230405
00525575391708
00525575391713
00491702338155
005491167866413
0034604230299
00491702338090
0079089473630
005491167866361
0034604230301
0034604230354
0034604230338
00491702338123
00447738073004
0034604230303
0079089473532
0034604230362
0034604230347
0034604230382
0034604230329
00491702338092
00447738072904
00525575391617
0034604230343
00491702338081
0079089473577
00525575391647
00447738072961
00491702338085
00447738073009
00525575391724
00447738072906
0079089473543
005491167866403
0079089473525
00525575391609
005491167866357
00525575391671
00491702338127
00491702338087
0034604230298
0034604230412
0079089473548
005491167866337
00447738072999
00491702338151
00447738072920
005491167866391
00491702338147
00491702338093
0079089473627
0079089473522
0079089473560
00491702338163
0079089473600
00525575391624
00525575391621
00491702338089
00491702338189
005491167866394
00491702338156
00447738072960
00491702338201
