00525575394317
0079089476140
0034604232960
005491167868974
0034604232955
00525575394284
00525575394309
00447738075636
00491702340772
00491702340734
0034604232993
0079089476144
0079089476249
0034604232952
0079089476190
0079089476216
0079089476166
0034604232981
0079089476228
0034604233031
005491167868958
005491167868950
0034604233020
005491167869061
00491702340789
0079089476185
00491702340821
00447738075585
005491167869005
00491702340732
00447738075529
00491702340719
0034604233018
005491167869064
005491167868976
0034604233039
00447738075557
00491702340754
0079089476173
0079089476231
0034604232937
0079089476198
00525575394299
0034604232966
0034604232976
0034604233015
0034604232928
0034604232974
00491702340787
005491167868980
0079089476258
005491167869026
00491702340738
00525575394305
00491702340823
0079089476262
00491702340746
005491167869003
005491167869060
0034604232973
005491167868957
005491167869002
0079089476230
005491167869001
0079089476224
0034604232931
00491702340753
0034604232962
00491702340742
0079089476207
00447738075531
00525575394248
00447738075562
0034604232963
0034604232994
0034604232958
00491702340808
00447738075632
005491167869057
00491702340806
005491167869035
0079089476210
00491702340829
00525575394332
00491702340794
005491167868985
00491702340818
00491702340758
005491167869040
0079089476191
0034604233019
0079089476225
00491702340716
005491167869008
00491702340751
005491167869043
0079089476147
00525575394350
005491167868966
0079089476213
00491702340775
00525575394256
005491167868993
005491167868995
00525575394311
0034604232938
00491702340779
0034604232954
00447738075542
0079089476257
005491167869050
00491702340728
00491702340786
00447738075604
0034604233028
00525575394263
005491167869009
005491167869031
0034604232941
00447738075588
00525575394275
0034604232965
0034604233027
0079089476188
005491167869048
0034604233024
0034604232991
00491702340801
0034604232967
0079089476220
0079089476171
0034604232978
005491167869000
0079089476156
00525575394296
005491167869004
0034604232996
005491167869051
00491702340705
0034604232982
0079089476179
0079089476242
00525575394346
005491167868952
0079089476234
00447738075556
00447738075627
0034604232951
0079089476202
0034604232959
0034604232983
00491702340713
0034604232930
005491167869063
0079089476152
00491702340759
005491167869036
00491702340748
0034604233021
00491702340736
00447738075561
00491702340777
00447738075593
0079089476160
00447738075615
00447738075576
00491702340812
00447738075621
005491167869055
00525575394335
00491702340784
00491702340804
00491702340709
00447738075520
0079089476247
0079089476192
0034604232926
00491702340769
00491702340731
0079089476232
00525575394352
00525575394300
0034604232921
0079089476158
00447738075572
00525575394321
00491702340814
0034604233026
00491702340721
005491167868983
00491702340810
00447738075601
0079089476148
0034604232998
0079089476197
0079089476237
0079089476150
00447738075600
00491702340782
00491702340805
0034604233010
00447738075517
0034604233023
0079089476186
00447738075631
0079089476214
0034604233035
0034604232968
00525575394279
0034604232997
00447738075573
0079089476200
00491702340793
0079089476159
00491702340706
00447738075533
00491702340729
00491702340750
00491702340743
005491167869029
0034604232922
005491167869012
0034604233038
005491167869007
00491702340797
00491702340708
00491702340711
005491167869006
00491702340715
00447738075583
005491167869033
0079089476199
00491702340799
0034604232940
00491702340820
005491167868992
0079089476176
00491702340740
0079089476236
00491702340815
00447738075580
0034604232985
005491167868967
00491702340791
005491167868955
0034604232935
00491702340773
0079089476203
00491702340800
005491167868961
00447738075539
0079089476255
0079089476139
00491702340824
00525575394262
0034604232977
0034604232920
0034604232927
00491702340827
0079089476168
00491702340768
00525575394320
0079089476153
0034604233042
00525575394272
0034604232971
0079089476142
0079089476259
0034604232942
0034604232924
005491167868971
00447738075599
00491702340790
00447738075625
00491702340796
0079089476187
0034604232969
0034604233025
00491702340707
