00436641349707
0034604233973
00491702341822
005491167869954
0079089477248
00436641349736
005491167870036
005491167870012
00491702341806
00491702341814
0079089477252
00491702341779
005491167869977
005491167870051
00436641349734
00436641349765
00491702341743
0034604233971
00447738076576
0079089477148
00491702341742
00491702341735
005491167869955
00436641349751
0079089477222
005491167869973
00491702341747
00491702341719
00436641349780
005491167869948
005491167870004
00491702341805
005491167870007
005491167870017
005491167869963
00436641349766
00436641349776
0079089477146
00436641349713
00436641349777
00436641349767
005491167869969
0079089477255
00491702341717
00491702341741
00491702341774
00436641349688
00436641349794
0079089477236
0079089477154
00491702341793
00525575395283
00436641349699
00491702341746
0034604233979
00436641349682
00525575395242
00447738076592
00491702341776
00525575395287
00436641349737
00491702341754
0079089477192
00491702341758
0034604233963
0034604233984
00491702341821
0079089477152
0079089477195
00447738076532
0079089477215
0079089477254
0079089477166
005491167869961
00447738076610
00447738076548
005491167870000
00436641349784
0034604233957
0034604233941
00436641349725
00491702341780
0034604233962
00436641349700
00436641349757
00436641349731
00491702341778
00447738076549
0079089477251
00436641349748
00491702341763
0079089477202
00491702341714
00491702341759
00436641349763
00447738076634
00436641349703
00436641349691
00436641349746
00436641349753
0079089477213
00436641349697
005491167869996
00447738076602
00447738076568
0034604233954
00491702341732
00447738076520
0079089477175
00491702341799
00491702341757
00447738076619
00436641349739
00436641349742
00491702341728
00436641349705
00491702341804
0079089477147
005491167870020
005491167870054
0079089477161
00436641349720
005491167869966
00491702341792
00447738076579
00447738076624
0079089477187
005491167870040
00436641349756
00525575395286
00436641349714
00436641349802
0079089477158
0034604233983
00491702341770
00447738076629
0079089477171
00525575395250
0079089477204
00436641349749
00525575395354
00436641349792
00436641349796
0079089477260
00436641349752
00491702341802
00491702341823
0034604233945
0079089477253
0079089477228
0079089477165
0079089477201
00436641349696
005491167870066
0079089477144
005491167869970
00436641349694
00436641349783
005491167870023
005491167870062
00447738076522
00447738076618
00525575395253
005491167869976
00525575395329
00447738076599
005491167870002
00491702341753
0079089477230
0034604233939
00447738076589
005491167869957
0034604233976
0034604233952
0079089477243
0034604233942
0034604233974
0034604233967
00447738076591
00491702341828
00525575395314
005491167869993
00447738076528
00491702341734
00436641349791
0079089477150
0079089477214
00436641349701
0034604233931
00491702341820
0079089477139
00436641349723
0079089477198
00436641349732
0034604233920
0079089477226
0034604233961
005491167870033
00436641349785
005491167869974
00491702341736
00447738076545
0079089477206
00491702341816
00491702341752
00491702341733
00525575395234
00436641349798
00436641349745
0034604233930
005491167870056
00525575395324
00491702341808
00491702341794
005491167870044
005491167869987
0079089477176
00491702341730
00525575395267
0079089477227
00491702341800
00436641349733
0079089477186
00436641349797
0034604233956
00491702341819
00447738076597
0034604233981
0034604233953
00447738076547
0034604233985
0079089477156
0079089477235
00447738076534
00491702341773
0079089477184
0079089477194
00436641349730
0079089477200
0034604233960
00525575395280
005491167870067
005491167870060
00436641349719
00436641349773
00525575395310
00491702341789
00491702341749
0079089477242
00436641349710
00491702341710
00491702341811
00447738076630
0034604233951
00447738076554
005491167870050
0079089477199
0079089477261
00525575395281
00491702341803
00447738076526
005491167869971
005491167870014
00491702341726
0079089477234
0079089477241
00436641349712
00436641349743
00436641349741
0034604233950
00525575395273
00491702341739
00491702341725
0034604233980
00525575395307
00436641349793
00491702341750
0034604233943
005491167870008
0034604233989
005491167870022
0034604233986
00491702341709
00447738076623
00491702341706
00525575395353
00525575395326
00436641349799
0034604233968
005491167869984
00436641349717
00436641349692
