005491167867144
0034604231087
00491702338857
00491702338937
0034604231160
0079089474322
00491702338894
0034604231132
0079089474379
00491702338928
0034604231051
005491167867173
0079089474266
00491702338838
005491167867071
0079089474356
00491702338899
0034604231092
0079089474387
0079089474289
00447738073752
0079089474385
0079089474272
00491702338934
00447738073668
00491702338936
0034604231065
00447738073658
005491167867143
0079089474376
005491167867122
00447738073680
005491167867081
00491702338839
0079089474340
00491702338858
005491167867154
00491702338865
0079089474292
00447738073640
0034604231127
0079089474384
005491167867175
00491702338888
00491702338844
00447738073644
005491167867151
0034604231103
0034604231163
00491702338859
00491702338887
005491167867127
0079089474280
0079089474278
00491702338877
0034604231062
0034604231047
0034604231145
005491167867136
00491702338836
0079089474338
0079089474370
005491167867114
00491702338831
00491702338867
0079089474275
00491702338850
00491702338879
00447738073687
0079089474350
0079089474313
00491702338868
00525575392466
00525575392390
0034604231099
005491167867187
005491167867087
0079089474291
00447738073748
0079089474362
0079089474374
0034604231054
005491167867094
005491167867192
00491702338905
005491167867101
005491167867075
0079089474342
005491167867146
0034604231164
005491167867177
00491702338870
0034604231094
00491702338869
005491167867102
00447738073665
00491702338939
0079089474377
0079089474381
00491702338848
00525575392424
005491167867073
0079089474268
00447738073670
005491167867074
005491167867133
00491702338864
0079089474295
005491167867142
00525575392417
00525575392458
00447738073722
00491702338932
00447738073760
0034604231096
0079089474378
0034604231088
00491702338875
005491167867113
0079089474318
00525575392386
0034604231063
00491702338849
0034604231136
00491702338881
0034604231137
0079089474361
0079089474271
00447738073693
00525575392479
0034604231104
00491702338948
0034604231129
00447738073664
0079089474323
005491167867158
00447738073673
00491702338872
0034604231057
00491702338874
00491702338917
00491702338947
0079089474360
00447738073714
00525575392452
0079089474353
00491702338927
00491702338921
00491702338835
0079089474345
005491167867110
005491167867180
0034604231101
0079089474269
00491702338876
005491167867138
00491702338953
005491167867111
00525575392395
00491702338929
005491167867125
005491167867182
005491167867131
00447738073755
005491167867128
0079089474368
00447738073645
0079089474337
00491702338846
005491167867178
00491702338891
0034604231082
00491702338944
005491167867080
0079089474335
005491167867191
005491167867176
00491702338907
0079089474315
0079089474339
0079089474369
00491702338896
0034604231055
00491702338930
00491702338833
0079089474274
0079089474343
00447738073730
0034604231130
005491167867117
00447738073712
00491702338931
005491167867126
005491167867098
0034604231091
00491702338906
00491702338943
00491702338893
0079089474383
00491702338843
005491167867174
00491702338942
00491702338889
00447738073725
005491167867070
00525575392443
00491702338914
0079089474357
00491702338860
00491702338855
00525575392435
005491167867132
00491702338922
00447738073656
005491167867167
00525575392369
005491167867097
00447738073689
0079089474307
00447738073738
005491167867148
00525575392474
0034604231093
00491702338880
005491167867130
0034604231070
00491702338851
00525575392365
00491702338941
0079089474373
00491702338908
0079089474277
005491167867089
00525575392418
0034604231059
00447738073707
005491167867150
0034604231142
00491702338950
0034604231125
00491702338841
00491702338840
00491702338933
00447738073708
005491167867153
005491167867090
00491702338901
00525575392446
005491167867164
005491167867082
00447738073731
00491702338853
0034604231069
0034604231044
0034604231158
00447738073701
00447738073650
00525575392478
