00491702337953
00447738072726
0079089473342
0034604230059
00436641345851
00436641345926
00491702337920
00436641345900
00436641345890
00525575391400
0079089473303
0034604230087
0079089473383
005491167866106
00447738072706
0034604230131
0034604230150
0079089473327
00491702337878
0079089473351
0079089473366
00491702337840
00436641345907
00491702337856
00447738072701
00491702337899
00491702337921
00436641345918
0079089473361
0079089473344
0034604230064
00447738072666
0079089473325
005491167866111
0034604230073
0079089473299
0079089473372
00447738072652
00436641345846
0079089473343
00436641345813
00436641345833
00491702337945
0079089473296
00436641345832
005491167866086
00436641345910
00436641345874
0034604230142
00525575391431
0034604230050
00436641345914
00491702337881
00491702337833
0034604230072
0034604230046
0079089473360
005491167866174
00491702337843
00436641345877
0079089473290
00491702337902
0079089473387
0079089473368
005491167866108
005491167866068
00491702337889
00491702337947
00447738072677
005491167866167
00491702337892
00436641345913
005491167866144
00491702337936
00491702337917
005491167866130
005491167866102
00436641345908
00436641345921
0079089473385
00447738072709
0079089473314
00436641345875
00491702337919
0079089473276
005491167866190
00436641345852
00525575391380
0034604230076
0079089473322
0079089473371
0079089473338
00436641345843
005491167866103
0034604230161
0034604230084
00491702337939
00436641345858
0034604230156
0034604230117
00436641345834
0034604230106
00491702337845
005491167866094
0034604230107
00436641345844
00447738072658
005491167866132
00436641345856
0034604230083
00436641345870
00436641345837
0034604230058
00447738072719
00436641345888
005491167866146
00436641345909
005491167866192
00491702337907
00525575391410
0079089473348
0034604230071
005491167866137
005491167866168
00436641345860
005491167866171
0034604230074
0079089473306
0079089473340
00525575391456
00447738072731
005491167866077
00525575391468
005491167866162
00491702337841
00491702337882
00491702337862
00525575391378
0034604230168
0079089473358
005491167866177
00436641345922
00447738072745
00525575391459
0079089473267
005491167866081
0079089473309
00436641345897
0079089473336
00436641345923
00491702337910
00491702337893
005491167866152
0034604230130
00436641345861
00447738072755
005491167866095
0079089473288
00436641345803
00491702337913
0034604230094
00525575391471
00491702337948
0034604230047
00491702337891
0079089473292
0079089473324
00436641345880
00491702337834
005491167866172
0034604230108
0034604230078
0034604230092
00436641345899
00436641345912
00436641345827
00491702337924
005491167866173
005491167866141
0079089473337
0079089473377
00436641345821
00525575391402
0079089473279
005491167866186
00436641345903
0079089473320
005491167866165
005491167866112
0079089473381
00436641345866
00436641345806
00491702337870
00491702337838
0079089473356
00491702337886
0079089473359
005491167866133
00491702337830
0034604230146
0034604230143
00447738072728
00436641345872
00491702337857
0079089473341
00436641345809
0079089473271
0034604230052
0079089473318
00447738072714
00436641345891
00436641345811
00436641345868
00491702337835
005491167866090
00447738072659
00525575391362
00491702337937
0034604230060
0034604230090
00436641345854
0034604230154
00491702337866
0034604230070
0034604230151
0079089473386
0034604230144
00491702337877
00525575391358
0079089473315
00436641345889
00436641345853
00447738072693
005491167866131
00447738072733
00491702337850
005491167866166
00491702337928
005491167866143
00447738072664
0034604230155
00447738072675
0034604230081
00491702337912
0034604230068
0034604230056
0079089473319
005491167866163
00525575391418
00436641345822
00436641345884
0034604230167
00436641345879
00491702337844
00436641345807
0079089473316
00447738072648
00447738072743
00436641345927
00491702337926
0079089473346
00436641345864
00491702337918
0079089473274
005491167866156
00491702337946
00491702337880
00525575391357
0034604230054
005491167866072
00436641345886
0034604230110
00491702337839
00436641345878
0079089473282
005491167866123
0034604230133
00491702337909
00491702337931
00436641345810
0079089473329
00436641345818
0079089473364
0079089473334
00436641345887
00436641345885
00436641345901
00447738072642
0079089473331
00525575391457
00491702337884
00436641345855
00491702337876
005491167866148
005491167866118
005491167866138
0034604230137
00491702337898
0034604230103
00491702337849
00447738072691
00436641345896
005491167866075
00491702337846
005491167866073
00491702337951
0079089473289
0034604230140
005491167866187
0079089473349
0079089473268
005491167866135
0079089473379
0034604230080
005491167866153
0034604230082
00436641345824
005491167866175
00447738072645
00436641345828
