0034604231643
0034604231558
0034604231635
0079089474849
005491167867686
005491167867648
00491702339453
00447738074257
0034604231622
0034604231610
005491167867659
00447738074214
005491167867608
00491702339334
0034604231652
0034604231650
0034604231615
00491702339333
00447738074194
00447738074155
00447738074171
00491702339393
0034604231597
0034604231599
0034604231546
005491167867599
00491702339414
00447738074162
005491167867578
00447738074161
0034604231563
00491702339344
00491702339348
0079089474835
0034604231621
0079089474854
0034604231589
0079089474822
00491702339419
0079089474831
0079089474796
0079089474860
0079089474777
0034604231591
005491167867667
00491702339420
00525575392883
0079089474886
0034604231583
00525575392962
00491702339423
005491167867581
00491702339386
00447738074204
00491702339332
00491702339361
005491167867611
00525575392878
00491702339402
00491702339422
00447738074229
0034604231639
005491167867605
00525575392969
0034604231664
00525575392895
00447738074199
0034604231588
0034604231659
0034604231549
005491167867609
0034604231633
0034604231617
0034604231662
0079089474807
0034604231609
005491167867617
00491702339343
00491702339365
0034604231646
005491167867593
0079089474874
00491702339404
0079089474772
0079089474781
0034604231630
00447738074232
0034604231602
0034604231653
00491702339346
0034604231577
00525575392867
0034604231657
005491167867692
00525575392911
00447738074228
00491702339340
00491702339384
00491702339421
0034604231656
00491702339424
0034604231571
005491167867677
005491167867568
0079089474861
00447738074221
00491702339406
00525575392964
00491702339448
00447738074243
0034604231544
0034604231627
0034604231573
00491702339425
005491167867676
00491702339352
00491702339446
005491167867637
0034604231663
0034604231667
0034604231554
005491167867588
00447738074253
0079089474883
00491702339400
0034604231614
00491702339397
0034604231629
00491702339338
00525575392959
00447738074141
0079089474776
00491702339440
00447738074195
005491167867642
00447738074258
0079089474830
00447738074216
0079089474802
005491167867624
0034604231623
0079089474845
005491167867573
0079089474870
005491167867600
00447738074160
0034604231581
005491167867576
00525575392909
00447738074200
0034604231607
0034604231578
00525575392866
00525575392869
0079089474847
00491702339447
0034604231556
0079089474790
0079089474766
0079089474797
0034604231613
00491702339416
00447738074220
005491167867569
0034604231638
0034604231584
00525575392937
00491702339382
00491702339330
005491167867691
00447738074157
00447738074224
00447738074240
00491702339445
0034604231582
0079089474885
0034604231593
005491167867680
005491167867616
0079089474884
00525575392936
00447738074191
00525575392968
0079089474877
0079089474853
0079089474873
00491702339399
005491167867661
005491167867602
005491167867662
00491702339342
0034604231647
00491702339437
00491702339345
0079089474869
005491167867585
0034604231648
00491702339366
00491702339444
005491167867603
00491702339435
0034604231572
00491702339427
005491167867628
0079089474778
00447738074254
00491702339451
00447738074144
00491702339432
0079089474840
00491702339351
00447738074179
00491702339449
0079089474880
0079089474848
00491702339388
00491702339454
005491167867652
0034604231661
005491167867582
0034604231634
00447738074192
00525575392900
00447738074244
005491167867629
0079089474817
00491702339395
00447738074174
0079089474825
00491702339350
0034604231601
0079089474795
005491167867656
00447738074197
00491702339360
0034604231612
0079089474804
0079089474856
0079089474805
005491167867590
005491167867625
00491702339375
00525575392889
00491702339339
00525575392873
00491702339407
005491167867577
00525575392938
0079089474858
00491702339354
00491702339439
00525575392887
0034604231603
0034604231642
0034604231566
005491167867630
00491702339385
00491702339376
0079089474844
0079089474808
00525575392926
0079089474826
00447738074251
0079089474783
0079089474785
005491167867596
