0079089473471
00447738072855
00491702338009
00491702337965
00491702338042
005491167866248
0034604230201
00491702338075
005491167866271
005491167866270
005491167866204
005491167866267
00491702337978
00447738072779
005491167866268
0034604230275
0034604230184
00491702337996
005491167866223
00491702338079
00491702337977
00447738072810
00491702338032
0079089473496
00436641345997
0034604230265
00447738072818
00447738072843
0079089473487
00436641345972
0034604230276
0079089473417
0079089473477
0034604230230
0034604230240
0079089473493
00436641345938
0079089473390
00491702337988
00436641345969
00525575391569
0079089473506
0034604230253
0034604230175
0034604230229
0079089473483
00525575391552
0079089473438
005491167866193
005491167866300
005491167866228
005491167866234
005491167866233
005491167866276
005491167866205
0034604230249
00491702338021
00436641345945
00436641345978
0034604230283
00491702337984
00525575391573
00491702338063
00436641345963
0034604230245
0079089473501
0034604230244
0034604230231
0034604230179
00491702338047
00491702338011
005491167866241
0079089473391
00447738072861
005491167866203
0079089473428
00525575391559
00525575391588
00447738072788
0034604230280
0034604230246
00447738072867
00436641345980
0079089473473
0079089473468
0079089473409
0079089473437
0079089473398
0034604230214
0034604230291
0079089473442
0034604230169
00436641345986
00491702338012
0034604230208
00447738072793
00436641345949
0034604230226
00491702337992
0034604230277
0079089473452
00436641345959
0034604230221
00491702338040
00447738072780
005491167866202
00436641345991
00436641345984
0079089473404
00525575391527
00447738072826
005491167866243
0034604230279
00447738072783
00491702338016
00491702337983
0079089473431
00447738072879
00491702338070
0034604230289
0079089473405
00491702338056
00436641345956
0079089473470
0079089473481
0079089473500
0034604230287
0079089473401
005491167866207
0079089473453
00447738072770
0034604230241
0034604230278
00491702338006
0034604230223
005491167866194
00491702338048
0079089473420
0079089473440
0034604230186
00525575391511
00436641345934
00491702337990
00491702338030
00447738072829
0034604230219
00436641345987
0079089473485
00525575391603
00491702337961
0034604230202
0079089473388
005491167866222
005491167866240
00436641345939
00491702337997
0079089473504
0079089473406
00491702338026
00436641345981
00491702337959
00436641345973
00525575391574
00436641345930
005491167866218
0079089473484
00491702337962
00491702338028
00525575391596
00525575391493
0034604230233
00491702338007
00436641345948
00491702338066
00491702337999
0034604230172
0034604230189
00436641345928
0079089473423
0079089473494
0079089473412
00436641345935
00447738072872
00491702338035
00491702338005
0034604230183
005491167866307
00491702338003
0079089473448
00447738072798
00436641345951
00436641345960
0034604230252
005491167866277
00491702338053
005491167866308
0034604230185
0079089473455
00525575391590
0079089473511
00436641345936
00447738072767
00447738072776
00525575391482
00491702337979
00491702338025
00447738072825
0079089473427
00525575391492
00491702337975
005491167866295
005491167866239
0079089473394
00436641345965
0079089473503
00447738072854
0079089473429
00525575391593
00525575391516
00447738072838
00447738072837
00525575391486
00436641345944
00436641345957
00436641345989
00436641345937
00436641345932
00491702338043
0079089473389
00491702337957
0079089473422
0034604230282
0034604230197
00436641345988
0034604230260
005491167866292
00525575391501
0034604230228
00525575391497
00436641345929
0079089473425
0034604230261
00525575391544
0079089473495
0034604230209
00436641345994
00491702337973
00447738072819
0034604230198
00525575391543
0034604230284
00491702338060
005491167866214
0079089473449
00491702337955
0034604230192
00491702338074
00436641345990
0034604230243
00525575391537
00491702338036
005491167866287
00436641345970
00491702338017
0034604230239
0034604230170
00436641345975
005491167866213
005491167866280
0034604230293
00447738072777
005491167866211
0079089473488
00447738072764
0034604230262
0034604230274
00491702338046
00491702337980
0079089473491
005491167866255
00525575391534
00525575391599
00525575391558
00436641345999
00436641345976
0079089473408
00436641345940
00491702338051
00491702338072
0079089473479
005491167866195
0079089473446
005491167866257
005491167866251
005491167866258
00491702338061
00491702338039
0034604230236
00436641345950
005491167866219
