00447738073122
0079089473658
005491167866526
0079089473735
005491167866533
00491702338225
00447738073120
00447738073101
0034604230472
00447738073130
00447738073064
0079089473675
0079089473641
00491702338247
005491167866522
005491167866472
0034604230425
005491167866476
00491702338231
0034604230461
0079089473729
00491702338313
0079089473761
00447738073044
0034604230513
00491702338223
0079089473712
0034604230486
00491702338275
005491167866449
005491167866512
0034604230429
00491702338298
0034604230494
0034604230462
0079089473759
00491702338255
00491702338233
0079089473659
00491702338286
0034604230521
0034604230518
0079089473643
005491167866511
005491167866547
005491167866535
005491167866453
00447738073091
0079089473742
0079089473747
005491167866464
0034604230497
005491167866498
00447738073065
00491702338315
005491167866561
005491167866528
00491702338306
005491167866478
0079089473744
0034604230442
00447738073078
0034604230460
0034604230450
00525575391735
0034604230533
00447738073086
0034604230423
00491702338327
0079089473653
005491167866524
00525575391764
005491167866567
00525575391790
0079089473755
0079089473701
0034604230422
0034604230503
00525575391822
0079089473741
0079089473691
00447738073049
00447738073107
00525575391833
00491702338238
00491702338211
0034604230525
00447738073037
0079089473720
005491167866534
00491702338282
00491702338310
00491702338291
0079089473743
00491702338248
005491167866470
00447738073085
0034604230523
0079089473661
0079089473656
0034604230438
005491167866520
00491702338269
0079089473706
0079089473666
005491167866554
0079089473688
00525575391834
005491167866529
00491702338241
00447738073058
0079089473714
00447738073113
0079089473677
0034604230487
0079089473762
0034604230530
0079089473698
00491702338287
0079089473732
0034604230470
0034604230467
005491167866566
0079089473642
00491702338235
005491167866461
005491167866539
0034604230428
00525575391736
00447738073083
005491167866541
00491702338325
0034604230539
00525575391806
0079089473753
00491702338245
0079089473681
0079089473718
00447738073089
0079089473733
005491167866555
0034604230519
00525575391782
0079089473682
00525575391799
0034604230451
00447738073067
005491167866532
005491167866473
0079089473745
005491167866497
00447738073105
0034604230541
00491702338299
00525575391847
0034604230522
00491702338303
00491702338271
0079089473647
005491167866552
0034604230480
005491167866468
005491167866519
00491702338227
00491702338278
0079089473723
0079089473749
0079089473668
0034604230509
0034604230484
0034604230454
00447738073025
00491702338272
00447738073093
0034604230469
00491702338212
0034604230495
0034604230447
0034604230443
00491702338214
00491702338329
0034604230501
00447738073114
0034604230529
0079089473740
005491167866537
00491702338253
00525575391814
0079089473652
0034604230505
00447738073110
00491702338322
0034604230436
00491702338250
0079089473713
00447738073050
00491702338320
0034604230465
0079089473702
0034604230426
0034604230542
00525575391787
00491702338280
00525575391823
00447738073136
00491702338234
00491702338276
0034604230481
00525575391761
005491167866489
00447738073103
0079089473708
0079089473644
0079089473751
005491167866558
0079089473710
0034604230515
0079089473670
0034604230479
0079089473750
0034604230437
00491702338230
0079089473699
0079089473674
0079089473727
0079089473694
00491702338252
0079089473687
0034604230504
005491167866509
005491167866466
00491702338205
005491167866444
0034604230468
0034604230535
005491167866455
0079089473646
0034604230532
005491167866527
00525575391755
0079089473696
00525575391792
00525575391757
0079089473697
0034604230498
0079089473638
0034604230455
0034604230527
00491702338304
00491702338316
