00491702337752
0079089473181
005491167865493
0079089473188
0034604230017
00447738072572
00491702337827
0034604230025
00447738072547
005491167865457
00436641345692
0079089473158
005491167865401
0034604230018
00436641345794
00436641345746
00491702337748
00491702337829
00436641345737
00491702337715
0079089473176
00436641345691
00525575391235
005491167865390
00491702337723
00491702337776
00436641345796
00447738072555
00491702337736
0079089473163
005491167865408
00447738072615
00436641345718
005491167865452
0079089473200
00491702337717
0034604230043
0079089473258
0079089473167
0079089473219
0034604230039
00491702337805
00436641345688
00525575391318
00447738072633
00436641345702
00491702337823
00491702337809
00491702337733
005491167865411
00436641345720
005491167865503
00436641345712
00447738072556
0079089473249
005491167865441
0079089473230
00436641345713
0079089473185
00436641345740
0034604230023
0079089473208
00525575391253
005491167865417
00436641345753
0079089473240
00447738072629
005491167865464
00491702337713
005491167865387
00491702337762
00436641345769
00436641345697
0079089473214
005491167865413
00447738072527
00491702337754
00436641345768
0079089473256
00491702337803
005491167865423
005491167865483
00447738072585
00436641345776
00436641345765
0079089473210
0079089473221
00491702337722
00436641345778
00436641345755
00436641345717
00491702337720
00436641345797
00491702337708
00491702337816
00436641345725
0079089473224
0079089473180
00447738072560
00436641345780
005491167865410
00525575391355
00491702337770
00436641345770
005491167865434
00525575391302
00436641345799
0079089473226
005491167865439
00436641345761
0079089473223
0079089473251
00491702337709
00525575391250
00491702337712
0079089473236
0079089473142
005491167865426
00436641345763
00447738072590
005491167865406
0079089473191
00447738072627
005491167865402
00436641345739
0079089473217
00447738072608
00525575391280
0079089473203
00436641345757
0034604230036
0079089473250
00447738072528
0079089473206
00491702337826
00436641345686
00491702337786
00491702337749
00447738072553
0079089473177
00436641345775
0034604230035
00491702337756
0079089473195
00447738072637
00436641345795
00436641345695
0034604230015
0079089473220
00436641345710
00491702337767
00436641345738
00447738072562
00447738072570
00436641345689
00491702337724
0079089473160
00525575391344
0034604230031
00491702337730
00447738072588
0079089473161
00491702337751
0079089473207
00491702337799
00491702337818
005491167865487
00436641345749
005491167865385
00525575391345
00491702337795
00491702337814
0034604230016
005491167865496
00436641345785
005491167865422
00491702337822
005491167865442
00436641345791
00436641345751
0079089473202
00525575391233
00436641345766
005491167865397
00491702337766
00447738072612
00525575391294
00525575391262
00436641345760
00491702337728
0079089473149
005491167865476
00436641345762
005491167865506
00436641345752
00491702337819
00491702337789
005491167865469
00491702337773
00525575391241
00525575391286
00436641345728
00436641345793
0034604230014
00491702337802
005491167865416
00491702337778
00436641345687
00436641345683
0079089473155
005491167865488
00525575391313
00436641345681
00491702337774
0079089473173
00436641345743
00491702337739
005491167865396
00436641345788
005491167865501
00491702337719
00447738072617
0079089473234
0079089473237
0079089473168
0079089473187
00491702337828
00525575391322
005491167865504
0034604230021
0034604230040
0079089473152
00436641345707
00436641345747
00447738072586
00491702337811
00436641345685
00436641345750
00436641345744
005491167865490
00491702337743
00447738072581
00491702337817
00447738072614
00525575391337
00436641345772
00491702337738
00436641345701
00436641345800
00525575391281
00491702337716
00491702337785
005491167865478
00436641345679
00436641345727
00491702337707
005491167865399
00436641345703
005491167865492
005491167865421
0079089473253
00491702337760
005491167865443
00436641345696
00436641345764
005491167865471
0079089473232
0079089473211
00491702337779
00525575391354
00447738072564
00436641345787
00436641345684
00525575391304
00436641345699
0079089473259
00436641345777
00436641345767
00491702337710
0079089473262
00436641345756
00491702337744
00447738072539
0079089473148
0079089473260
0079089473151
00436641345782
00525575391348
005491167865500
005491167865429
00436641345680
00491702337783
00436641345682
00525575391347
00436641345759
005491167865485
00436641345735
00525575391349
00436641345741
0079089473199
005491167865498
0034604230024
0079089473144
00447738072578
00491702337734
00436641345690
00491702337800
00491702337791
00447738072613
