00436641351166
0034604235406
00447738077962
005491167871435
00491702343092
0079089478569
005491167871375
00491702343118
0034604235311
00491702343099
00525575396618
0079089478590
00491702343130
00491702343087
00491702343156
00491702343147
00436641351084
00447738078005
0079089478581
0079089478536
005491167871319
0079089478538
00436641351164
00447738077900
005491167871432
0034604235343
0034604235373
00447738077934
005491167871343
00436641351074
005491167871364
0034604235403
005491167871342
00436641351107
005491167871347
00447738077942
0034604235400
00491702343203
00491702343098
0034604235322
00491702343172
00525575396607
00447738077996
0034604235402
00436641351163
00436641351112
00447738077998
005491167871357
00491702343195
00491702343161
00491702343134
0034604235346
005491167871362
005491167871372
00436641351140
005491167871422
00491702343194
0079089478620
0034604235308
00491702343144
0079089478551
0034604235409
005491167871365
005491167871320
0079089478548
0079089478558
0034604235408
00436641351155
005491167871441
0034604235294
0079089478563
0034604235361
0034604235328
0079089478631
00447738077960
00436641351111
00447738077989
0034604235350
0034604235357
005491167871415
005491167871405
0079089478529
00436641351151
00491702343152
00491702343122
005491167871384
0034604235340
00436641351113
0079089478576
0034604235317
00525575396731
0079089478514
00436641351135
0079089478517
0079089478524
005491167871402
0034604235353
0079089478580
0034604235418
00436641351157
00447738077964
0034604235380
00436641351109
0034604235310
00436641351154
00491702343187
00447738077888
005491167871437
0079089478573
0079089478618
00436641351070
00436641351073
0079089478545
00447738077906
0079089478595
00436641351065
00436641351169
0034604235363
0034604235337
00447738077941
00436641351064
00447738077933
0079089478587
00436641351077
0079089478543
0034604235396
0034604235307
0034604235405
005491167871376
00491702343084
005491167871397
00447738078003
0034604235395
0034604235309
00525575396647
00491702343139
0034604235384
0034604235364
00436641351137
00525575396612
00491702343199
00525575396626
00436641351079
0079089478627
0079089478617
00491702343174
0079089478567
00447738078006
00491702343127
0079089478610
005491167871381
005491167871366
00525575396669
00436641351099
00491702343137
0034604235314
00436641351177
00436641351067
00525575396723
00436641351120
00447738077999
00436641351158
00436641351060
00447738077995
00436641351156
00491702343181
00447738077954
00436641351162
00491702343107
0034604235339
00447738077977
00447738078011
00436641351075
00491702343116
0034604235331
0079089478574
00436641351091
00491702343129
00491702343164
00447738077926
00436641351055
00525575396609
00525575396683
00436641351168
00436641351102
00491702343165
00436641351175
00436641351146
00436641351119
0034604235352
00436641351081
00436641351069
005491167871351
0079089478601
00436641351167
005491167871337
005491167871416
005491167871417
0079089478531
0079089478534
0034604235365
0034604235386
00491702343080
00491702343153
0034604235319
00436641351174
0034604235342
0079089478539
00436641351145
005491167871439
00436641351116
00491702343100
00436641351118
0034604235304
00436641351076
00436641351105
00491702343202
0034604235385
00525575396682
005491167871346
0079089478526
00436641351142
00491702343150
0034604235389
00447738077914
00447738077938
0079089478540
00436641351176
0034604235390
0034604235379
00436641351063
00436641351150
00491702343155
005491167871330
0034604235316
0034604235399
005491167871403
005491167871359
00491702343148
0034604235330
005491167871332
00436641351090
00436641351138
0079089478586
005491167871425
00491702343204
00436641351071
00447738078000
00491702343095
0079089478611
00491702343094
0034604235355
00436641351088
00491702343163
005491167871352
00491702343191
0079089478528
005491167871340
0079089478589
00447738077971
00447738077912
00436641351062
005491167871386
00525575396673
005491167871410
00491702343177
005491167871396
00491702343113
005491167871318
0034604235397
00436641351153
0079089478591
00447738077979
0034604235391
005491167871334
0034604235344
00436641351078
0079089478636
0079089478516
0079089478582
00447738077936
0034604235414
0034604235347
00436641351160
00491702343197
00491702343102
0034604235388
0034604235351
0079089478522
00436641351121
00491702343167
00525575396661
0034604235401
00436641351144
00436641351171
00491702343166
0034604235416
0034604235296
00447738077903
00491702343105
0034604235300
0079089478549
005491167871350
00436641351095
0034604235305
00436641351143
0034604235315
0079089478588
00491702343159
00525575396719
00525575396632
00525575396705
0079089478598
00436641351066
005491167871327
0034604235382
005491167871348
00436641351114
00491702343200
00447738077902
00491702343160
00525575396652
0034604235327
00491702343123
00436641351053
0034604235368
0034604235295
005491167871333
0079089478533
00491702343157
00447738077905
0034604235318
0034604235301
00436641351083
