0079089474532
0034604231384
0079089474578
0034604231307
005491167867330
005491167867431
00491702339129
00447738073928
005491167867342
00491702339105
0034604231355
0034604231383
00491702339114
005491167867326
0079089474630
00491702339196
005491167867412
005491167867336
00491702339162
00491702339103
00491702339174
005491167867383
005491167867350
00491702339081
005491167867406
0079089474610
0079089474623
005491167867423
005491167867380
0079089474606
00447738074000
005491167867439
00447738073933
0079089474547
00491702339142
00447738073935
0034604231377
00491702339104
0034604231322
005491167867430
00491702339190
0034604231370
0034604231374
00525575392710
0079089474625
0034604231323
00491702339150
005491167867435
00491702339187
005491167867323
005491167867441
0034604231342
005491167867429
0079089474561
00491702339090
00525575392690
0079089474549
0034604231417
0079089474588
0079089474553
00491702339173
005491167867392
00491702339089
0079089474535
0079089474524
00447738073994
0079089474632
00491702339109
00491702339133
00491702339178
0034604231300
005491167867391
0079089474635
0079089474544
00491702339203
0034604231349
00491702339181
005491167867340
0034604231354
0079089474541
00491702339155
0034604231360
0079089474520
0079089474573
00491702339193
005491167867366
0079089474608
005491167867356
005491167867409
0079089474543
0079089474518
0034604231399
0034604231314
00525575392638
00491702339157
00447738073975
0079089474617
0079089474566
0079089474579
00525575392725
00491702339153
0034604231332
005491167867328
00491702339143
0034604231308
00491702339183
00491702339160
00491702339106
00525575392663
0034604231318
00525575392646
00491702339171
0079089474601
0079089474590
0079089474548
0034604231362
00525575392674
0034604231347
0079089474598
005491167867355
00491702339082
0034604231294
0079089474581
005491167867400
00491702339189
005491167867374
005491167867426
0034604231388
0034604231356
0079089474528
0034604231376
00491702339110
005491167867352
00491702339128
00447738073976
00447738073959
00447738073971
00525575392698
0079089474519
00447738074009
00447738074007
00491702339201
00525575392628
0079089474555
00491702339094
00447738073905
005491167867408
0034604231387
0079089474550
00491702339096
0079089474542
00491702339100
00491702339117
00491702339119
00491702339198
005491167867395
00447738073899
005491167867413
00491702339182
0079089474530
005491167867415
00491702339179
00525575392683
00525575392643
0034604231324
00447738073900
0034604231299
00491702339080
0034604231343
00525575392666
0034604231348
0079089474584
00491702339134
0079089474597
00491702339095
0034604231302
00491702339127
00447738073988
0079089474624
0034604231326
00447738073910
00491702339138
0034604231330
0079089474533
00447738073919
0034604231375
00447738073955
00525575392679
0034604231403
0034604231336
0079089474572
00491702339126
0034604231337
005491167867396
0034604231406
005491167867318
00491702339159
0034604231303
0034604231295
0079089474631
00491702339132
00525575392625
0079089474537
005491167867384
00491702339121
0079089474596
00525575392660
005491167867420
005491167867442
00491702339093
0034604231392
00447738073913
005491167867353
0034604231411
0034604231334
00447738073967
0079089474600
005491167867377
0079089474626
0034604231391
0079089474622
0079089474594
005491167867338
0079089474607
005491167867382
0034604231412
005491167867376
0034604231358
005491167867351
00525575392713
005491167867402
00525575392685
00491702339195
00447738073922
00491702339146
0034604231319
00491702339140
0079089474576
00447738073961
00491702339149
0034604231372
0034604231305
0034604231381
00491702339130
00491702339200
00491702339087
00447738073954
00491702339175
0079089474559
