0079089475272
0034604232054
005491167868112
0034604232099
00525575393366
005491167868082
0034604232069
00447738074738
00491702339904
00491702339915
0034604232050
00491702339892
00491702339853
0079089475315
00447738074716
0034604232096
00491702339838
00491702339943
00491702339885
0079089475296
00447738074760
00491702339870
00491702339873
00491702339898
00491702339930
00447738074754
00491702339865
005491167868074
00491702339864
0079089475343
00491702339858
00491702339886
0079089475346
005491167868154
0034604232060
00491702339940
0079089475293
0034604232059
005491167868147
005491167868143
00447738074698
005491167868135
00491702339861
005491167868157
0034604232093
00447738074665
00525575393361
005491167868148
0079089475350
00491702339894
005491167868183
005491167868169
00491702339835
0034604232075
005491167868138
0034604232077
00525575393427
0034604232082
005491167868175
0034604232094
005491167868186
00447738074761
0079089475270
0079089475341
005491167868096
00491702339862
00491702339840
005491167868125
0079089475332
0079089475371
0034604232083
0079089475294
0034604232089
0034604232092
00491702339844
00525575393374
005491167868080
00491702339939
0034604232079
00525575393398
0079089475312
005491167868087
00491702339917
005491167868085
00525575393385
0079089475347
005491167868151
0079089475333
00491702339923
0079089475300
005491167868161
0034604232046
00491702339911
0034604232087
00447738074737
0034604232048
005491167868101
00491702339891
005491167868117
00447738074673
005491167868174
005491167868109
005491167868189
00525575393399
0079089475355
005491167868158
0034604232058
00491702339908
00491702339833
0034604232055
00491702339847
00491702339903
00491702339902
00491702339875
00491702339845
00447738074700
00525575393435
005491167868081
00525575393394
00491702339933
0079089475375
0079089475290
00447738074651
00491702339936
0079089475302
005491167868070
00447738074660
005491167868120
00491702339878
0079089475282
0034604232044
0079089475360
00525575393456
00447738074663
005491167868078
00491702339883
0079089475307
00447738074684
00491702339882
0079089475275
0034604232085
00491702339925
00491702339928
00491702339951
00491702339944
005491167868068
005491167868191
0079089475344
00491702339831
0079089475317
00491702339914
0079089475385
0034604232081
00491702339888
0079089475368
00525575393363
00491702339889
00525575393391
00491702339910
00491702339896
00447738074728
00525575393480
0079089475328
00525575393445
005491167868187
00447738074668
00525575393430
00491702339830
0034604232091
00491702339854
005491167868104
00491702339949
005491167868167
00491702339857
0079089475379
00525575393421
0034604232068
00447738074692
00491702339872
00491702339927
0034604232064
00491702339897
00491702339931
00491702339918
00525575393473
0079089475287
005491167868129
0079089475320
0034604232072
00491702339846
005491167868136
00447738074736
00491702339884
00447738074757
0034604232095
005491167868106
0079089475278
00525575393358
0079089475334
0079089475381
005491167868139
0034604232047
0079089475267
00525575393379
00447738074723
00491702339839
005491167868121
0079089475358
00491702339848
005491167868181
00491702339929
005491167868192
00447738074670
0079089475337
005491167868111
0079089475383
005491167868179
00491702339932
00447738074648
00447738074748
