0034604231291
005491167867261
0034604231224
00491702339069
00491702338966
0034604231178
00491702339026
0079089474452
00491702338998
0079089474503
00491702339030
0079089474444
0034604231196
005491167867246
00447738073781
0034604231284
005491167867227
0079089474409
0034604231205
00447738073816
0079089474472
0079089474424
00491702339071
0034604231243
0034604231288
00491702339005
00447738073847
00525575392605
00447738073866
00525575392495
0034604231265
00447738073840
00491702338961
0034604231170
0079089474414
0034604231252
0034604231280
00525575392549
0034604231223
005491167867214
005491167867247
0034604231255
0034604231259
0079089474453
0034604231257
00491702339015
00491702339012
00447738073812
005491167867239
0034604231171
0079089474423
00491702339020
00491702339070
0079089474413
00491702339057
0034604231229
00447738073772
005491167867232
0034604231206
0079089474510
0079089474427
0034604231185
00525575392566
0079089474481
005491167867275
00447738073829
005491167867288
00525575392555
0079089474467
00491702338979
0079089474474
0034604231262
0034604231278
0034604231179
00447738073844
00491702339076
00525575392539
005491167867286
0079089474511
005491167867309
00491702339013
00491702339053
0079089474470
00525575392592
0034604231277
00491702338976
00491702339062
00447738073795
005491167867313
005491167867204
005491167867291
0034604231198
0079089474480
00447738073815
005491167867237
00525575392553
00447738073786
005491167867300
00491702339003
00491702339065
00491702339073
0034604231270
00447738073797
005491167867292
00491702338982
005491167867206
0079089474491
00447738073809
0034604231267
0079089474504
00447738073864
0034604231271
00491702338999
0079089474468
0034604231272
005491167867263
00491702338968
005491167867268
0079089474443
005491167867276
00447738073886
00491702339051
0079089474441
00447738073828
0034604231289
005491167867229
00491702339060
0079089474469
0079089474478
0079089474508
005491167867315
0079089474496
005491167867223
00491702339044
00525575392519
005491167867244
0034604231225
0034604231220
0079089474476
00447738073784
00447738073763
00525575392587
0079089474475
00525575392510
0034604231245
0034604231187
00447738073827
005491167867254
0034604231221
00525575392601
00491702339017
0079089474487
0034604231214
005491167867233
005491167867280
0079089474403
0079089474393
00491702338972
0034604231266
0079089474447
005491167867245
00447738073773
005491167867272
00447738073804
00491702338986
00491702338974
0079089474492
00491702339064
0034604231173
0034604231208
00491702339049
00491702338975
005491167867249
0079089474512
005491167867198
0034604231246
005491167867260
0079089474446
00491702339018
0079089474402
00447738073850
0034604231247
00447738073885
00491702339025
0079089474426
00491702339022
0034604231195
00491702339058
0034604231283
005491167867195
00525575392500
00447738073817
00525575392492
0079089474390
00525575392591
0034604231215
00491702338997
0079089474428
0034604231226
0034604231218
0079089474458
005491167867224
0079089474490
00491702338963
00525575392515
0034604231190
00491702339029
0034604231207
0034604231181
005491167867274
00447738073808
00447738073874
00491702338971
00491702339031
00491702339000
0079089474396
0079089474388
00525575392499
0079089474399
00525575392593
0079089474456
00525575392536
00491702338988
0034604231194
005491167867296
0079089474498
00491702339074
0079089474438
00491702338992
00447738073789
005491167867230
00491702338960
00525575392524
00525575392573
0034604231293
