00491702338340
005491167866628
005491167866660
0079089473830
0034604230574
00491702338426
00491702338397
00491702338337
0079089473859
00491702338369
0079089473855
0079089473808
0034604230658
00491702338395
005491167866606
0034604230667
005491167866601
00447738073249
0034604230636
0079089473840
0079089473836
0034604230661
0034604230586
0079089473788
00491702338431
00491702338410
0079089473863
00491702338438
0079089473862
0079089473847
0079089473835
0079089473770
00491702338409
00525575391913
005491167866624
00447738073196
00447738073141
00525575391872
0079089473826
00525575391962
00447738073224
00447738073240
00525575391942
0079089473799
0079089473845
00491702338360
0034604230638
0034604230573
0079089473858
00447738073235
0079089473871
00525575391903
00491702338454
00491702338384
0034604230580
0079089473880
0079089473879
00491702338433
0079089473818
0034604230609
0034604230596
00491702338386
00491702338376
005491167866682
0034604230547
0079089473775
0079089473790
00491702338339
00447738073260
0079089473792
00491702338408
00447738073161
00447738073155
00491702338334
0079089473813
005491167866621
0034604230653
00447738073168
00525575391869
00491702338393
0034604230554
005491167866681
00447738073143
005491167866679
00447738073213
0079089473839
005491167866656
0079089473838
0034604230548
0034604230620
0034604230605
00491702338366
0034604230628
00447738073203
005491167866686
005491167866684
0034604230572
0079089473777
00525575391899
0034604230630
005491167866670
0034604230629
0034604230626
005491167866658
00491702338412
0034604230641
0034604230631
0079089473765
0034604230545
0034604230559
00491702338344
0079089473870
0079089473800
0079089473885
0034604230656
00447738073163
005491167866612
00447738073220
0034604230569
0034604230561
00491702338389
005491167866580
00491702338442
0034604230549
00491702338377
0034604230616
0034604230639
00491702338425
0079089473864
0034604230650
005491167866592
0034604230575
0079089473832
0034604230602
00447738073254
00491702338451
00447738073252
0079089473781
0079089473873
0034604230657
0079089473877
00491702338330
0034604230581
0079089473767
0079089473887
00447738073262
00447738073218
00447738073225
00525575391939
0079089473776
00491702338432
00525575391885
0079089473883
00525575391896
00525575391895
00491702338427
00491702338355
00447738073236
005491167866677
0079089473763
00491702338367
0034604230643
005491167866640
005491167866653
00491702338362
00491702338353
0034604230570
0034604230583
0034604230544
0079089473815
0034604230607
005491167866639
0034604230612
00491702338361
0079089473865
00525575391889
005491167866638
0079089473809
00491702338424
0079089473814
005491167866596
0034604230562
005491167866611
00491702338387
0034604230624
00525575391928
00447738073170
0079089473842
005491167866625
00491702338439
0034604230637
00525575391898
00447738073154
005491167866569
005491167866594
00447738073204
00491702338445
0034604230652
00525575391859
00447738073185
00491702338404
0034604230647
005491167866666
005491167866585
00491702338429
0034604230553
0034604230615
0034604230578
0034604230600
0034604230599
00491702338392
00491702338381
00491702338453
005491167866691
00447738073184
005491167866692
00525575391964
00447738073178
00491702338382
0034604230601
00525575391975
00525575391911
00491702338388
00525575391922
005491167866568
0034604230633
0034604230576
00447738073166
00491702338405
005491167866669
0079089473876
0034604230617
0079089473782
0034604230621
005491167866630
00491702338356
0034604230587
00525575391876
00491702338400
0079089473802
00491702338436
00491702338336
00525575391871
0034604230595
00491702338403
00525575391937
00525575391970
0079089473846
00525575391961
0079089473780
005491167866618
00525575391943
005491167866652
00447738073255
005491167866579
00491702338448
0079089473868
005491167866637
00447738073159
00491702338416
0079089473812
00491702338437
00491702338378
00447738073148
0034604230603
0079089473783
00447738073230
