00491702341468
00491702341490
00436641349511
00491702341476
0079089477005
00491702341514
00447738076301
00447738076381
0034604233781
0079089476927
0034604233681
0079089476997
005491167869783
00491702341495
00436641349552
00491702341462
0034604233761
00447738076311
00436641349473
0034604233747
005491167869745
00436641349443
00436641349545
0079089477004
0079089476969
0079089476966
0034604233767
00436641349464
00491702341500
00436641349481
0079089476952
0034604233743
00436641349548
0079089476994
0034604233697
005491167869796
005491167869813
005491167869730
00491702341542
00447738076273
00447738076316
00447738076364
0079089476990
005491167869803
00491702341551
00491702341506
0034604233754
00447738076352
0079089476999
0034604233701
0079089476963
0079089476911
00491702341543
00491702341577
0079089476936
00491702341562
00447738076285
005491167869695
00436641349462
00436641349434
00436641349551
00491702341568
005491167869741
0079089476944
00491702341578
00436641349509
00436641349512
0034604233782
00436641349495
00436641349547
00491702341496
0079089476992
005491167869724
0034604233680
00447738076321
00491702341541
005491167869697
00436641349504
00491702341544
00525575395080
00491702341503
0079089476975
00525575395013
0034604233753
005491167869785
005491167869769
005491167869784
0034604233679
00491702341579
0034604233703
0079089476973
00447738076305
0079089476988
00436641349446
00436641349469
005491167869768
0034604233745
005491167869732
00447738076357
00491702341546
0034604233670
00525575395099
0034604233756
005491167869721
0034604233674
005491167869737
005491167869700
00436641349455
0079089476925
0079089476972
00491702341553
005491167869733
00525575394985
0079089476945
0079089476954
00525575395082
00491702341557
0034604233673
0034604233790
00436641349444
005491167869802
00491702341501
0079089476968
0079089476895
00436641349496
005491167869805
0034604233715
00447738076300
00436641349461
005491167869795
00447738076289
00525575394986
00491702341484
00491702341515
00525575395068
0079089476906
00491702341519
0079089476896
00525575395008
00436641349501
00436641349503
00525575395088
0079089476956
00491702341499
00436641349493
0079089476901
0079089476965
00447738076353
00525575395019
0034604233691
00491702341556
00447738076370
00447738076380
00447738076315
00491702341534
00491702341572
00436641349484
0034604233707
00447738076367
0079089477012
0079089476902
0079089476917
00525575395040
005491167869755
0034604233737
00436641349491
00491702341516
00491702341478
00436641349445
0034604233728
00491702341549
00491702341461
0034604233759
00491702341548
00436641349537
0034604233749
00525575395072
005491167869801
0034604233729
0034604233739
00491702341493
00491702341485
0079089476938
0079089476983
005491167869779
0079089476928
00525575395073
005491167869719
00436641349520
0034604233768
0034604233686
00491702341473
0034604233709
0034604233690
0079089476976
00491702341456
0034604233792
00491702341535
0034604233694
005491167869736
00525575394992
0034604233672
00491702341550
0034604233718
00491702341555
00525575394993
005491167869781
00436641349490
005491167869763
00491702341554
00436641349472
00436641349449
00491702341474
0079089476916
00436641349441
00447738076327
00447738076290
00491702341526
0079089476964
00436641349430
00447738076379
0079089476923
0034604233712
00436641349507
00447738076302
0034604233676
0034604233695
00491702341502
005491167869806
00491702341483
00447738076376
0079089476934
00436641349482
0079089476987
0034604233713
00491702341460
00491702341531
00491702341552
00491702341489
0034604233740
0034604233726
00447738076303
005491167869808
0034604233675
0079089476908
00436641349470
0079089476971
00447738076264
00447738076361
005491167869693
0079089477003
00436641349477
0079089476910
0034604233741
00436641349515
00447738076267
00436641349433
00436641349505
00447738076263
005491167869711
005491167869705
00491702341575
00447738076377
005491167869707
005491167869701
005491167869740
0034604233708
00436641349550
0034604233716
00491702341524
0079089476940
0079089477007
00491702341571
00436641349475
005491167869774
005491167869807
0079089476978
00491702341470
00491702341547
00525575395103
005491167869759
00436641349508
00525575395065
0079089476932
00447738076360
0034604233692
00491702341538
00491702341511
0034604233710
00491702341471
00491702341480
