00447738076759
0079089477315
00436641349882
005491167870184
00491702341900
00491702341905
00525575395428
0079089477356
00491702341861
00525575395438
005491167870085
005491167870186
0079089477288
00447738076657
0079089477372
00491702341927
00436641349923
00436641349901
00491702341894
00447738076754
00436641349809
00491702341939
00436641349910
0079089477277
00491702341874
0079089477383
005491167870100
00436641349890
00436641349877
005491167870183
0079089477273
00447738076643
00491702341916
0079089477310
00491702341839
00436641349866
00491702341837
00436641349855
00436641349873
00491702341951
005491167870168
00447738076735
00436641349814
00491702341926
0079089477279
00491702341868
00491702341862
00491702341877
00491702341944
005491167870079
00436641349807
00436641349824
00491702341843
0079089477338
00436641349811
00491702341838
00447738076650
00525575395415
00436641349878
00525575395448
00491702341866
0079089477270
00436641349806
005491167870174
00447738076726
005491167870141
00447738076697
00491702341876
00491702341931
00436641349876
0079089477316
00525575395479
0079089477280
00436641349895
00447738076676
00436641349871
00447738076648
00447738076712
00491702341909
00436641349903
005491167870109
00447738076667
00436641349852
0079089477385
00447738076644
00436641349808
00525575395446
00525575395409
00525575395458
00436641349908
00447738076730
00491702341836
00436641349883
005491167870092
00491702341950
0079089477351
00491702341864
005491167870129
00491702341899
00447738076666
0079089477306
0079089477344
00436641349862
005491167870149
00447738076757
00491702341853
00447738076660
00491702341835
0079089477377
0079089477287
00447738076686
00447738076682
00436641349834
00491702341888
00436641349833
00447738076655
00436641349884
00436641349905
00447738076736
00447738076731
0079089477369
00436641349861
005491167870088
005491167870087
0079089477376
00447738076711
00447738076659
00491702341890
00491702341937
00447738076640
00436641349865
00491702341872
00436641349916
0079089477371
00447738076652
00436641349906
0079089477379
00436641349900
00491702341930
00447738076706
00436641349859
0079089477293
0079089477299
00525575395477
00436641349832
00436641349902
00525575395472
00491702341852
00491702341897
005491167870080
005491167870119
00491702341929
00436641349831
00491702341859
0079089477291
0079089477387
00436641349904
00525575395402
00491702341910
00436641349917
0079089477380
005491167870153
005491167870189
00525575395471
00491702341857
00447738076701
00436641349892
00436641349926
005491167870097
0079089477278
00436641349849
00491702341942
005491167870130
00436641349924
00436641349830
00525575395386
00447738076715
005491167870090
00491702341954
0079089477347
00436641349857
00436641349889
005491167870139
005491167870169
0079089477384
005491167870125
00491702341904
005491167870083
00436641349845
00436641349880
00436641349874
00436641349886
00436641349918
0079089477295
00436641349897
0079089477339
00491702341921
00491702341834
0079089477323
0079089477386
00447738076729
00491702341918
005491167870070
00436641349913
00491702341883
00436641349818
00447738076713
00491702341940
00436641349816
005491167870101
00436641349870
00436641349820
00436641349898
00436641349850
00447738076685
00436641349869
0079089477272
0079089477341
00436641349822
00491702341922
00447738076680
00436641349925
00436641349887
005491167870124
0079089477337
00436641349810
00491702341863
005491167870131
00491702341952
00436641349827
00491702341893
00447738076709
00491702341895
00491702341875
00436641349914
00491702341949
005491167870073
00525575395410
0079089477350
00491702341946
00436641349915
00436641349839
00436641349907
00491702341831
00436641349885
0079089477297
00436641349867
00436641349927
00525575395406
00436641349815
00491702341911
00436641349920
00447738076662
00436641349919
00525575395464
00436641349825
00525575395449
00436641349911
00447738076675
00447738076673
005491167870144
00436641349851
