0079089475405
00491702340017
00491702340034
005491167868200
0034604232251
00525575393533
00525575393542
00491702339968
0079089475476
0034604232271
00447738074843
00491702340020
0079089475411
00447738074789
00525575393543
0034604232270
00491702340046
0079089475446
00491702340018
00447738074763
005491167868287
00491702340074
00491702339969
0079089475439
00491702340072
00491702340009
00447738074881
00447738074839
0034604232201
00447738074818
0034604232204
0079089475455
00447738074885
00491702340025
00491702340004
00491702340003
0079089475469
0079089475388
0034604232237
0034604232282
005491167868234
00525575393538
00491702340073
0079089475445
00491702340045
00525575393484
00491702340044
005491167868221
00525575393574
005491167868282
00491702340056
0079089475443
00491702340049
00447738074877
0034604232286
00525575393495
0079089475509
00491702339956
005491167868194
00491702340035
005491167868242
0034604232213
00447738074866
0079089475409
005491167868284
0034604232238
00491702340029
0034604232209
005491167868209
005491167868286
005491167868309
005491167868216
00525575393499
0034604232276
0079089475477
00491702340041
0079089475457
00525575393589
005491167868281
0034604232291
005491167868274
00491702340050
00491702339991
0079089475494
00491702340008
00491702339961
00525575393573
00491702340027
0079089475471
00491702340048
00447738074867
00525575393554
0034604232257
0034604232267
005491167868239
00525575393507
00525575393595
00525575393521
00447738074781
00491702340036
00491702339970
005491167868266
00491702339986
0079089475482
005491167868240
0079089475420
00491702340026
0034604232254
005491167868236
0079089475399
0079089475464
005491167868317
00491702339971
0034604232208
0079089475406
00447738074868
0079089475468
0034604232231
00491702340010
00491702340019
0079089475454
00447738074777
005491167868213
0079089475394
0079089475459
0079089475416
0079089475448
0079089475419
005491167868260
0079089475389
0079089475496
0079089475415
00447738074824
0079089475495
00447738074780
00447738074853
00491702340030
0034604232218
00491702339972
0079089475440
0079089475441
005491167868233
005491167868235
0079089475498
00525575393570
00447738074884
00491702340043
0079089475431
00491702340011
005491167868270
0034604232230
00491702339955
005491167868293
0034604232239
00491702340022
00491702339975
00447738074858
00491702339990
0034604232212
0079089475506
0079089475489
00447738074776
005491167868307
0079089475404
0079089475474
0079089475412
0079089475425
0034604232243
005491167868285
005491167868259
00491702339965
00491702340028
005491167868315
005491167868198
00491702340061
00447738074790
0034604232248
0034604232215
0034604232252
00447738074771
0079089475511
0079089475432
00491702340000
0034604232259
00491702340066
00491702340055
00491702339999
00491702340051
0079089475408
005491167868212
0079089475401
00491702339959
0079089475456
00447738074870
005491167868205
005491167868193
00491702340077
0034604232262
0079089475504
00491702340060
005491167868223
0034604232247
0079089475463
0079089475461
005491167868248
00491702340024
0034604232281
00491702340075
00447738074882
0079089475492
00447738074875
00491702339998
00491702340023
00447738074880
0079089475438
00491702340052
0079089475390
00491702339973
0079089475508
00525575393501
00447738074793
00491702339976
005491167868251
00491702340058
0079089475428
005491167868247
00447738074778
0034604232264
00491702340006
0079089475481
00491702340053
0034604232290
00525575393567
00491702340065
0079089475501
0079089475434
005491167868215
005491167868301
00447738074817
00491702339974
00447738074851
0079089475427
00525575393587
0034604232275
00525575393494
005491167868238
0034604232258
0079089475397
0034604232219
005491167868226
00525575393604
0034604232205
0079089475433
00491702339982
0034604232216
005491167868262
