005491167865443
0079089473180
00491702337734
00436641345767
00491702337773
0079089473148
00491702337799
0079089473187
0079089473249
0079089473151
0079089473202
0079089473226
00491702337785
00436641345770
00436641345737
00491702337766
00491702337819
00447738072560
0079089473256
00491702337803
0079089473223
0034604230016
00436641345691
0079089473250
00491702337814
00436641345796
00491702337724
0079089473234
00436641345769
00447738072637
00436641345695
0079089473253
00436641345750
0034604230031
00436641345718
0079089473191
00436641345680
00491702337778
0079089473211
00525575391318
00525575391355
00436641345791
00436641345702
005491167865452
00436641345776
00436641345681
0079089473208
005491167865434
00525575391347
005491167865490
00436641345727
00436641345772
00436641345692
00491702337791
005491167865408
00436641345747
00436641345778
0079089473173
00491702337730
00491702337728
00447738072547
00447738072581
00447738072555
00447738072556
00491702337716
005491167865493
00491702337723
00436641345684
00436641345775
005491167865387
0079089473210
00436641345728
0079089473144
005491167865439
005491167865406
005491167865506
00525575391253
00491702337739
00436641345763
00436641345799
00436641345746
005491167865496
005491167865429
005491167865426
005491167865483
00436641345751
00491702337748
0079089473217
005491167865476
0079089473158
0079089473206
00491702337783
0079089473160
005491167865504
0079089473219
00491702337826
0079089473220
00491702337719
0034604230015
0079089473142
00447738072553
00436641345713
0079089473262
00491702337811
0034604230036
0079089473259
00436641345697
0079089473188
00491702337828
0079089473152
0079089473168
00447738072590
00525575391281
00525575391233
0079089473149
00436641345788
00491702337712
00436641345687
005491167865488
00491702337736
00447738072612
00436641345756
00436641345720
00491702337800
00436641345752
00436641345764
00491702337827
005491167865399
0079089473161
0079089473199
00491702337823
0079089473200
00491702337816
00447738072627
005491167865413
00436641345760
00491702337760
00525575391302
00491702337829
00436641345683
00491702337762
005491167865421
005491167865487
00525575391349
0079089473177
00447738072572
0079089473214
00436641345743
00436641345755
00491702337743
00447738072608
00436641345707
00436641345735
00436641345766
0034604230017
005491167865396
00491702337786
00491702337767
00436641345762
0034604230024
00491702337754
00447738072615
005491167865478
00436641345740
00491702337795
00525575391280
005491167865417
00491702337717
00436641345689
00447738072588
005491167865441
0079089473181
0079089473163
00436641345768
005491167865390
00436641345782
0034604230039
005491167865411
0079089473258
00436641345800
005491167865492
0034604230014
00436641345686
00436641345777
00447738072527
00436641345682
00525575391294
00525575391241
00491702337756
00436641345757
00447738072585
00447738072564
00447738072629
00491702337805
005491167865442
00491702337715
00491702337776
00491702337720
00491702337744
005491167865464
0079089473236
00525575391354
00436641345717
005491167865416
0034604230043
00525575391304
00491702337713
00436641345679
00491702337708
005491167865401
00436641345753
0034604230023
005491167865423
0034604230040
005491167865500
0034604230025
00491702337817
00436641345794
005491167865402
00436641345690
00436641345696
00436641345701
00447738072617
00436641345765
0079089473176
00491702337802
00447738072633
0034604230021
0079089473260
00491702337733
005491167865498
00525575391235
00525575391322
0034604230035
0079089473167
00447738072613
005491167865410
00436641345710
00436641345780
00491702337709
00491702337774
0079089473230
00491702337751
0079089473203
00436641345793
005491167865485
00491702337809
00436641345785
00436641345749
00491702337779
00436641345738
00525575391345
00491702337770
00525575391250
00436641345744
00436641345759
00436641345797
0079089473237
0079089473224
00525575391344
00447738072614
005491167865501
00447738072586
00436641345725
005491167865397
00447738072562
005491167865469
00436641345741
0079089473207
00447738072570
00436641345787
005491167865422
00436641345703
0079089473251
00436641345739
00436641345685
005491167865471
0079089473155
00447738072578
00491702337722
00525575391348
00491702337818
00525575391313
0079089473240
00436641345699
00491702337822
005491167865503
0079089473232
0079089473221
0079089473185
00491702337738
00436641345761
00525575391262
00491702337752
00491702337707
00436641345688
00436641345795
005491167865385
0079089473195
00525575391337
00447738072539
00525575391286
005491167865457
00491702337710
00491702337749
00436641345712
00491702337789
00447738072528
0034604230018
