0034604232336
005491167868378
00447738074952
0034604232356
00491702340152
005491167868438
00491702340124
0034604232391
00491702340090
005491167868402
0079089475587
0079089475605
00447738074975
005491167868420
00491702340142
00447738074902
005491167868356
00447738074967
0079089475601
00447738074918
0079089475584
00491702340128
005491167868324
005491167868397
00447738074932
00447738074960
00447738074899
00525575393695
00491702340158
005491167868343
00491702340093
00491702340110
00491702340186
0079089475636
00491702340105
00447738074976
0034604232381
00525575393673
00491702340106
00447738074933
0079089475597
0079089475549
005491167868340
005491167868368
00525575393670
00491702340203
0034604232408
0034604232388
00447738075006
00491702340180
00447738075003
0079089475536
00491702340177
0034604232362
0079089475557
005491167868407
00491702340192
0079089475525
00447738074973
00491702340084
00525575393655
0034604232398
00491702340170
00525575393613
00525575393633
00525575393665
00525575393666
0034604232352
005491167868342
0034604232311
00491702340184
0079089475622
00525575393682
005491167868418
00491702340155
00491702340103
0034604232370
0034604232332
00491702340176
0034604232395
0034604232320
0034604232310
0079089475596
00491702340091
00447738074956
00491702340122
005491167868348
00491702340175
0079089475530
005491167868326
0034604232301
00491702340144
005491167868382
00447738075009
00525575393685
0079089475611
00491702340162
0034604232390
00491702340164
0034604232366
00491702340086
00491702340108
005491167868430
00447738074947
00491702340121
0034604232373
00447738074913
00491702340171
00491702340135
0079089475513
0079089475517
005491167868387
0034604232326
005491167868388
00491702340201
0079089475573
0079089475555
00491702340143
0034604232403
005491167868426
00491702340100
0079089475515
0034604232361
0034604232385
00525575393729
00525575393648
00491702340082
005491167868428
0034604232351
0079089475564
00491702340129
00525575393716
0079089475547
0079089475609
00447738074911
00525575393686
00525575393617
0034604232359
0079089475519
0079089475628
00491702340140
005491167868415
0079089475574
00491702340151
0034604232337
005491167868411
0079089475559
0034604232375
00491702340169
0034604232296
0079089475578
005491167868322
0079089475617
00525575393627
00447738074909
005491167868391
00447738074930
0079089475633
00491702340094
0079089475551
0079089475554
0079089475535
00525575393707
00525575393612
00491702340113
00447738074978
00447738074995
00447738074925
00491702340118
005491167868401
005491167868439
0034604232386
00491702340181
00447738074942
005491167868405
0079089475577
0034604232312
00525575393630
005491167868376
0079089475582
0079089475529
00447738074943
00491702340167
0079089475570
00447738074921
0034604232371
0034604232315
00491702340119
0079089475520
0034604232306
0079089475552
005491167868392
0034604232411
0034604232316
0079089475581
005491167868375
0079089475526
00447738074970
00491702340141
0034604232392
005491167868398
00491702340149
0034604232300
0034604232304
005491167868441
00491702340111
0034604232308
00491702340087
005491167868386
00491702340191
00491702340088
00447738074966
00447738074969
00447738074901
005491167868423
0034604232314
0034604232378
0034604232355
00447738075005
005491167868377
0034604232379
0079089475580
00491702340123
00491702340153
0034604232318
0034604232309
0079089475588
00491702340104
0034604232368
005491167868395
005491167868357
0034604232418
00491702340083
00447738074907
0079089475629
0034604232416
005491167868365
0034604232358
0079089475606
005491167868320
0079089475618
00447738075012
0034604232307
0034604232353
0034604232328
005491167868353
0034604232380
005491167868367
005491167868408
00525575393628
00491702340089
005491167868433
0034604232367
00491702340145
0079089475585
0079089475600
0034604232369
0079089475630
0034604232295
00525575393641
0034604232313
0034604232376
00447738075000
0034604232404
005491167868429
00491702340168
0079089475576
00525575393684
