0034604236446
00436641352238
00436641352253
00491702344252
005491167872538
00436641352234
0034604236507
00436641352267
0034604236527
00491702344319
0034604236452
00491702344297
0079089479718
00436641352225
00447738079042
00491702344242
0034604236472
0034604236463
00491702344311
00436641352183
00436641352281
00491702344273
00447738079091
00436641352214
0034604236503
00436641352268
00436641352189
00436641352242
00436641352210
005491167872558
00436641352209
00447738079029
0079089479670
0034604236498
00436641352264
0079089479706
00447738079050
00491702344234
00436641352247
00491702344268
005491167872511
00491702344321
0034604236488
00491702344302
0034604236481
0079089479649
00436641352211
0034604236491
00447738079040
00525575397849
005491167872447
00436641352220
00447738079082
005491167872478
0079089479730
00447738079077
0079089479709
00491702344276
00491702344284
0034604236474
00436641352228
005491167872510
00447738079055
00447738079115
00491702344270
00436641352236
0079089479723
00447738079081
00436641352212
005491167872500
00525575397780
00525575397823
005491167872480
00447738079125
0079089479645
00436641352273
0079089479644
00491702344254
00436641352232
0079089479758
00436641352208
0079089479650
00447738079137
00436641352265
00491702344206
00491702344230
0034604236457
005491167872471
0034604236490
0079089479711
0079089479748
00525575397776
0034604236510
00436641352224
005491167872507
00436641352252
00491702344265
00436641352227
00491702344207
00491702344239
0034604236437
0079089479686
0034604236428
00491702344326
00491702344310
00436641352272
00491702344214
00525575397774
00436641352217
0034604236499
0079089479739
0079089479747
00525575397840
005491167872490
005491167872506
00436641352250
00447738079114
00436641352299
0034604236455
005491167872545
00436641352248
0034604236524
00436641352218
0079089479743
0034604236441
005491167872517
00491702344267
00447738079032
00436641352269
00447738079112
00436641352204
00447738079105
00436641352243
00436641352223
0079089479696
005491167872551
00525575397818
00491702344227
00525575397750
0034604236496
0079089479742
005491167872476
00436641352185
0079089479680
0034604236468
0034604236447
00436641352288
00491702344320
0079089479647
0034604236475
0079089479660
00525575397825
00491702344235
0034604236420
0034604236492
0034604236440
00491702344263
00436641352259
00436641352260
00436641352221
00491702344233
0079089479677
0079089479682
005491167872450
00436641352207
00436641352226
0034604236465
00491702344237
00436641352271
00436641352245
0079089479641
00491702344259
0034604236480
00436641352278
00436641352239
0034604236461
00491702344305
00447738079107
00436641352279
0079089479714
00525575397831
0034604236533
00436641352216
00436641352206
00491702344218
0034604236466
00525575397830
00436641352261
0079089479715
0034604236424
0079089479726
00525575397783
00436641352203
00447738079092
005491167872463
005491167872509
00491702344247
00491702344303
0079089479744
00447738079018
00491702344301
005491167872493
00491702344275
0034604236451
0034604236439
00491702344251
00436641352201
0079089479656
0079089479740
0079089479683
00491702344212
00525575397766
0079089479719
00447738079089
005491167872528
005491167872520
0034604236494
00447738079110
00436641352191
0079089479707
00491702344327
00525575397771
00525575397834
00447738079078
00447738079056
005491167872498
0079089479701
00491702344300
0034604236529
00525575397782
0034604236513
005491167872530
0034604236485
00491702344292
0034604236531
00525575397839
0079089479734
0079089479724
00436641352179
0079089479639
00491702344272
0079089479661
00447738079053
00525575397754
00436641352192
0079089479697
00525575397837
0079089479738
005491167872451
00436641352270
00447738079066
00436641352263
0034604236473
005491167872496
00436641352230
00436641352285
00491702344241
00491702344220
0079089479708
005491167872560
00447738079128
0079089479679
00491702344329
00491702344244
0034604236506
005491167872565
00436641352256
005491167872563
0034604236493
0079089479685
00491702344256
00491702344236
0079089479640
00447738079061
00436641352301
00447738079083
005491167872455
00447738079017
00491702344248
00436641352194
005491167872515
0034604236525
0034604236453
0034604236458
00525575397819
00436641352294
00491702344286
0034604236476
00436641352298
00447738079046
00436641352240
00447738079063
0079089479705
00436641352277
005491167872540
005491167872470
0079089479751
00436641352255
00436641352300
00491702344304
00447738079065
00525575397746
005491167872561
0079089479725
0034604236486
0034604236426
00491702344210
0034604236516
00436641352251
00491702344312
00436641352188
0034604236483
0079089479693
00436641352222
00491702344255
00436641352229
0079089479643
00491702344296
00436641352257
0079089479735
00447738079136
00436641352196
0079089479694
0034604236449
00525575397796
00436641352246
00436641352187
00491702344240
