00436641352173
00436641352065
0079089479631
005491167872327
0034604236382
0034604236356
00491702344158
00436641352079
00491702344183
00525575397725
00525575397719
00447738078966
0079089479534
0079089479607
0034604236372
00436641352058
00436641352134
0034604236386
00436641352070
00447738078956
0034604236413
00436641352151
00491702344156
00447738078982
005491167872435
0079089479567
005491167872401
0079089479612
00491702344110
0079089479530
00447738079004
00436641352145
005491167872415
0079089479624
00436641352081
0079089479609
0079089479634
005491167872322
0034604236362
00436641352137
00436641352139
00491702344146
00525575397718
00491702344163
005491167872320
00436641352110
0079089479591
0034604236394
005491167872399
0034604236334
0034604236309
0034604236335
00491702344177
00436641352147
00491702344136
00491702344180
00491702344128
00436641352055
0034604236338
005491167872411
00491702344189
00491702344204
005491167872330
00436641352071
00447738078902
005491167872332
00491702344086
00491702344087
0079089479614
0034604236410
00436641352074
0079089479594
005491167872338
005491167872391
00447738078937
005491167872431
00436641352154
0034604236302
0034604236409
005491167872350
0079089479597
0034604236391
005491167872425
00491702344085
00491702344160
00447738078962
00436641352080
00436641352121
0079089479548
005491167872414
005491167872437
00447738078922
00447738078957
00491702344098
00491702344144
0079089479529
005491167872400
00436641352170
0034604236306
00447738078908
005491167872349
00491702344178
005491167872406
00436641352062
00447738078919
00491702344118
0034604236329
0034604236351
00447738079011
00436641352091
00491702344185
00436641352111
005491167872442
00436641352085
00436641352106
0034604236325
005491167872438
00436641352124
0034604236375
00491702344127
0034604236407
00491702344188
0034604236400
00447738078921
005491167872336
00436641352088
00436641352101
00447738078945
0034604236307
0079089479618
00436641352119
00491702344104
0079089479613
005491167872397
00436641352165
00436641352156
00436641352089
00525575397685
005491167872319
0079089479623
0079089479621
00491702344101
00525575397638
00491702344161
00491702344120
00447738078950
00436641352061
00491702344082
0034604236417
00436641352066
0079089479619
00491702344139
00491702344187
00436641352164
00436641352069
00436641352128
00491702344092
00447738078943
00436641352064
00525575397636
0079089479515
00525575397731
005491167872386
0079089479636
00491702344164
0079089479579
0034604236388
005491167872373
00436641352176
00436641352060
0034604236327
005491167872372
0034604236397
0079089479546
00491702344125
00491702344168
005491167872366
00525575397630
0079089479622
00491702344143
00436641352169
005491167872331
0079089479514
005491167872424
005491167872337
0034604236378
00491702344147
005491167872377
00447738078996
005491167872398
005491167872342
00491702344171
00436641352150
0079089479581
0034604236296
00436641352075
00491702344133
00491702344123
0079089479602
00436641352141
00491702344117
00525575397706
00447738078916
00436641352056
0079089479523
0079089479601
00447738078910
0034604236297
00491702344202
0079089479620
005491167872333
0034604236331
0079089479572
00447738078976
00491702344186
00436641352135
005491167872375
00491702344155
00447738078939
00525575397715
005491167872439
00491702344182
00491702344081
005491167872408
00525575397688
0079089479555
0034604236350
0034604236354
00447738078948
00447738078907
0079089479551
0079089479616
00525575397621
0034604236387
00436641352155
00436641352140
00525575397641
00436641352174
0034604236398
0034604236337
0034604236348
00436641352175
0034604236358
00491702344193
0079089479611
00436641352157
0034604236341
00525575397610
0079089479542
00436641352117
00491702344113
0079089479543
00525575397640
0034604236346
005491167872324
00491702344096
00447738078963
0079089479550
0079089479517
005491167872343
00436641352108
00447738078931
00491702344151
00491702344152
0034604236381
0034604236406
0034604236357
005491167872422
00436641352158
00491702344099
00491702344129
00491702344097
0079089479571
005491167872378
0079089479570
0034604236389
0034604236364
00491702344191
0079089479552
0079089479595
0079089479565
0034604236393
0079089479585
00491702344153
00436641352153
005491167872361
005491167872321
0034604236366
0034604236314
005491167872393
0034604236367
0079089479635
00436641352095
00436641352152
005491167872416
0079089479513
0034604236374
00491702344134
00447738078905
00491702344197
00525575397622
0034604236323
00525575397644
0034604236310
00447738078932
00525575397670
00447738078895
00436641352148
00436641352149
00436641352120
005491167872417
0034604236401
00436641352105
00491702344179
00436641352114
005491167872360
00447738078954
00447738078949
00447738078980
0079089479562
00436641352166
005491167872351
00525575397617
005491167872434
