0034604230826
0034604230855
00447738073442
0034604230842
0079089474110
0079089474048
0034604230832
005491167866837
00491702338663
00447738073499
0034604230813
0079089474109
00491702338651
0079089474102
005491167866913
0034604230794
00491702338676
0034604230900
00491702338667
00491702338607
0034604230803
00491702338586
005491167866874
0034604230830
0034604230820
005491167866857
0034604230896
005491167866891
0079089474015
00491702338580
00491702338631
005491167866898
00491702338644
0034604230795
0034604230909
00491702338698
00491702338695
0034604230844
0079089474070
00525575392196
0034604230827
0079089474105
0034604230857
005491167866924
0079089474084
00447738073426
0034604230871
00447738073430
0034604230872
0034604230848
0079089474047
00447738073469
00491702338608
0079089474049
00447738073409
005491167866853
0034604230818
0079089474092
00447738073414
005491167866862
0079089474054
00491702338618
0034604230869
00447738073406
005491167866823
00447738073488
0034604230873
00491702338604
00491702338612
00491702338664
0079089474080
0034604230910
0079089474068
00491702338602
0079089474088
00447738073435
00491702338610
0034604230812
0079089474044
005491167866841
0034604230901
005491167866821
0034604230839
0034604230851
0034604230817
00525575392148
005491167866873
00491702338660
0079089474065
0079089474024
0079089474032
0034604230809
005491167866899
0079089474103
00447738073456
005491167866825
005491167866887
0079089474136
0079089474055
005491167866856
00491702338697
0034604230806
00491702338627
0079089474106
005491167866905
0079089474133
00447738073438
005491167866854
00447738073481
00491702338684
0079089474045
00447738073505
0034604230906
0079089474116
00491702338642
00447738073402
0079089474038
005491167866933
00491702338623
00447738073452
005491167866850
00491702338658
0034604230916
005491167866931
00447738073394
00491702338693
00491702338621
0034604230825
0034604230885
00491702338633
0034604230845
0079089474033
00447738073436
00491702338657
0034604230878
0034604230856
0034604230853
005491167866820
00447738073390
0079089474124
0034604230824
0034604230883
0034604230868
00491702338624
0079089474023
00447738073404
0079089474059
0034604230882
00447738073489
00447738073487
005491167866907
00491702338703
0034604230895
00447738073458
0079089474097
00447738073510
00491702338674
0079089474079
005491167866875
00491702338640
00447738073478
0079089474063
0034604230797
0079089474091
005491167866921
00491702338680
0034604230875
00447738073405
0034604230846
0079089474030
0034604230893
00447738073443
00491702338675
00447738073433
0034604230891
00525575392155
0079089474046
00491702338690
0079089474125
00447738073464
0034604230913
00447738073417
0079089474064
0034604230810
00525575392178
0034604230814
00447738073467
0034604230841
0034604230917
00447738073424
0079089474115
005491167866903
00491702338678
00525575392225
005491167866832
00447738073391
00447738073421
00491702338596
00491702338648
005491167866926
0079089474051
00447738073445
00491702338603
00447738073490
005491167866895
00447738073465
00447738073479
00491702338638
0079089474098
0079089474111
0034604230918
00491702338595
00491702338626
00491702338700
0034604230821
00447738073441
00525575392111
0079089474100
00491702338643
0034604230886
0034604230796
0034604230811
00525575392174
00525575392217
005491167866851
00525575392171
00491702338630
005491167866900
0034604230877
00491702338691
0034604230798
0079089474029
00491702338616
00491702338686
0034604230866
0079089474076
00491702338696
0034604230899
0079089474053
00447738073427
0034604230881
005491167866827
005491167866860
0079089474020
00447738073415
00491702338588
00525575392109
00491702338677
00525575392123
00525575392166
00447738073399
00491702338652
00447738073411
0034604230905
005491167866936
0034604230892
0034604230887
005491167866929
00525575392134
00491702338671
0079089474096
00525575392185
005491167866861
0034604230834
0079089474073
0079089474060
00447738073413
005491167866840
0034604230914
005491167866848
005491167866836
00491702338694
0034604230828
0079089474122
00491702338701
005491167866868
00491702338598
00491702338601
0079089474026
0079089474094
00525575392118
00491702338681
005491167866826
