00436641351464
00436641351542
005491167871734
0079089478896
00491702343484
00436641351511
0034604235720
0079089478920
0079089478902
005491167871693
00436641351547
00436641351471
00447738078317
005491167871785
00491702343461
005491167871776
005491167871732
00436641351498
00491702343535
005491167871741
00447738078380
00436641351535
0079089478889
0079089478970
0034604235764
00436641351477
005491167871705
00491702343487
0034604235728
00447738078283
00491702343521
00491702343528
00447738078326
00436641351501
0034604235669
0034604235740
0034604235719
00436641351503
0034604235706
005491167871696
00436641351481
0034604235770
0079089478921
00447738078270
00491702343575
0079089478992
005491167871706
00436641351495
00436641351428
00447738078316
0034604235708
0079089478957
005491167871724
0079089478975
00436641351451
00447738078372
005491167871703
005491167871711
005491167871798
0079089478993
005491167871712
00447738078377
00491702343516
00436641351521
00436641351523
005491167871782
0079089478934
00491702343503
00447738078295
0034604235682
00447738078267
00525575397004
00436641351445
00436641351459
00436641351514
00491702343561
0079089479002
0079089478940
00491702343455
00447738078371
00491702343571
0079089478911
00491702343468
005491167871695
00436641351541
0034604235742
00447738078352
00436641351473
0079089478898
0034604235718
005491167871736
00525575397034
00525575397033
0034604235780
00447738078348
00491702343522
00436641351472
00436641351442
00436641351480
005491167871730
00436641351520
0079089478984
00436641351448
0034604235727
0034604235722
005491167871809
0034604235699
00447738078281
00491702343502
00436641351546
0034604235716
00447738078343
005491167871697
00436641351467
005491167871816
00447738078383
00436641351484
00436641351512
0079089478967
0034604235683
00436641351530
00447738078282
0034604235744
00491702343573
0034604235734
0079089478988
00436641351506
00436641351531
00436641351545
0079089478917
0034604235755
0079089478985
00491702343458
00491702343549
0079089478979
00491702343555
0079089478931
00436641351479
00436641351549
00436641351500
0079089478956
00436641351497
00436641351453
005491167871810
00525575397042
005491167871708
005491167871789
00491702343479
00447738078342
0034604235753
0034604235712
00447738078278
00447738078338
0034604235730
00436641351504
0034604235713
0034604235754
00491702343474
00525575397073
00491702343494
005491167871795
00491702343562
00491702343576
0034604235711
00447738078313
0034604235686
0079089478932
00447738078285
00447738078288
00436641351431
0079089479012
005491167871796
00447738078273
00491702343499
005491167871817
00491702343460
00436641351533
00447738078382
0079089478888
00525575397006
0079089478983
0034604235739
00447738078349
00491702343463
0034604235707
005491167871745
00436641351470
0034604235704
005491167871808
0034604235697
005491167871716
005491167871765
00491702343538
0079089478913
00436641351429
0034604235785
00447738078339
005491167871797
005491167871773
00491702343485
00491702343579
0034604235748
0034604235685
00447738078362
00436641351529
00447738078358
00436641351490
00491702343551
00491702343536
0079089479009
00447738078336
00525575396994
0034604235715
0034604235731
005491167871754
00436641351515
00436641351491
00436641351548
00491702343501
00436641351518
0034604235701
00436641351502
0079089478929
00491702343537
00447738078379
00491702343543
00436641351516
0034604235763
00491702343477
005491167871815
00436641351457
0034604235680
005491167871786
005491167871700
00447738078294
00447738078370
0034604235773
0034604235736
0034604235769
0079089478981
00525575397049
0034604235737
0034604235724
00525575397067
00436641351474
00491702343471
005491167871774
00491702343517
00436641351527
00436641351441
0034604235703
00447738078386
00447738078319
00525575396999
00447738078376
00491702343512
00525575397026
00447738078297
00525575397050
0034604235759
0034604235775
00436641351509
005491167871746
005491167871783
0079089478953
00447738078266
0034604235793
0034604235778
00491702343513
00436641351443
00525575397063
00436641351475
00447738078357
00436641351444
00436641351499
00525575397095
0034604235688
00436641351435
00491702343506
00491702343550
005491167871752
00436641351468
00436641351507
00491702343546
00436641351462
0079089478959
00447738078378
00525575397104
00436641351540
0034604235689
00436641351550
00491702343486
00491702343526
00447738078290
0034604235767
0079089478965
00491702343529
0079089478923
005491167871775
00447738078274
00447738078344
00436641351552
005491167871729
00525575396989
0034604235774
00491702343504
00436641351492
0034604235681
0034604235772
00491702343488
0079089478969
00436641351460
00436641351519
0079089478951
0079089478972
00447738078345
0079089478918
00436641351536
00436641351517
00491702343478
00491702343462
00491702343473
00447738078340
00436641351538
0079089478963
00447738078387
005491167871800
0034604235751
00491702343510
00436641351534
0034604235779
00436641351456
00491702343547
