00447738075309
0079089475962
005491167868735
0034604232781
0034604232764
005491167868793
0034604232761
00491702340566
00525575394012
005491167868777
0079089476007
0034604232734
0079089475972
00447738075386
005491167868771
00447738075383
00447738075283
00491702340487
00491702340542
005491167868721
0034604232746
00491702340508
0034604232688
0034604232763
00491702340553
0034604232709
0079089475949
0034604232711
00491702340511
00491702340501
00525575394082
00447738075278
0079089475945
005491167868713
005491167868798
005491167868726
0079089475912
00491702340456
005491167868738
0034604232780
0079089475990
005491167868764
00491702340471
0079089475989
00491702340478
00491702340503
0034604232760
00491702340495
00447738075301
0034604232747
0079089475921
00491702340498
00447738075350
00491702340556
005491167868693
0079089475897
0079089475957
0079089475968
0079089475901
0079089475914
00447738075348
0079089475956
0079089475900
0034604232707
00491702340467
00525575394097
0034604232756
00447738075343
005491167868805
00447738075307
00525575394009
0079089475997
0079089475929
0079089475902
0079089476008
0034604232736
00447738075342
00447738075366
00491702340505
0079089475998
00447738075355
00525575394052
0079089475958
00491702340496
0079089475910
00491702340464
0034604232696
005491167868727
00491702340551
005491167868796
0034604232755
00491702340474
0034604232741
005491167868783
005491167868720
00525575394086
00447738075341
0079089475893
0079089475933
00491702340483
005491167868780
0079089475986
005491167868743
00491702340528
00491702340555
0079089475904
00491702340521
005491167868747
00447738075308
0079089475915
00447738075370
005491167868751
005491167868708
0079089475932
00447738075339
005491167868758
00491702340574
00447738075311
00491702340470
0034604232699
005491167868722
00491702340490
0034604232675
00491702340543
0079089475943
00491702340477
0034604232793
0079089476009
0079089475978
0034604232674
0079089476010
00491702340568
005491167868802
00525575394081
005491167868694
00447738075378
0079089475941
00525575394049
0034604232706
005491167868814
0079089475891
0034604232684
00491702340567
0079089475909
005491167868795
0079089475939
0034604232679
00491702340510
00525575394039
00491702340465
0079089475919
00491702340575
00447738075310
0034604232767
0034604232672
0079089475987
0034604232728
00491702340534
0034604232694
0079089475993
00491702340536
00491702340480
00491702340538
0079089475889
005491167868754
005491167868779
0034604232742
0034604232730
00525575394058
0034604232731
00491702340509
00525575394041
0034604232792
00447738075288
0034604232735
0079089475982
0034604232785
005491167868806
0034604232722
0034604232687
00491702340535
0079089475892
00525575394073
005491167868739
005491167868699
00525575394019
00491702340517
00491702340559
0079089475890
0034604232790
0079089476006
0079089475942
00491702340561
005491167868812
00491702340565
0034604232716
0079089475979
00491702340457
005491167868752
00447738075274
0034604232752
00491702340491
00447738075340
0079089475981
00491702340549
0034604232681
00447738075312
0079089475916
005491167868775
00491702340530
00525575394056
0079089475985
00525575394088
0079089475898
00447738075305
0034604232720
00447738075363
00447738075369
00447738075321
00447738075302
005491167868714
0079089475994
00491702340552
0079089475895
00525575394094
00491702340570
0034604232787
00525575393994
00447738075356
0079089475963
005491167868701
00491702340472
0079089475938
0034604232686
005491167868817
005491167868698
00491702340493
00447738075329
0079089475911
0079089475984
00525575394002
005491167868789
0079089475952
005491167868740
005491167868719
0079089475928
0034604232724
00447738075358
0034604232738
00447738075353
00447738075324
00491702340506
0079089475926
0079089475908
0079089475930
00447738075365
005491167868728
00491702340544
005491167868717
00491702340489
0034604232683
00447738075315
0034604232705
0034604232717
00491702340540
00447738075373
00491702340550
0034604232768
0034604232751
0079089475966
005491167868763
0079089475996
