00447738074350
0079089474943
00447738074355
00525575392985
00491702339493
0079089474945
00447738074308
00491702339554
00491702339459
005491167867780
0079089474957
00447738074362
0034604231775
00491702339518
0034604231767
00491702339472
0034604231726
0079089475008
0079089474983
00491702339579
0034604231772
0079089474931
00491702339559
0079089475009
00491702339520
00491702339558
0079089474923
00447738074303
0079089474959
005491167867814
0034604231792
0034604231786
0079089474942
00491702339524
0034604231749
0079089474948
0079089474991
0034604231779
005491167867801
0034604231753
005491167867717
0079089474965
00447738074371
00525575393023
0079089474946
00491702339569
00525575393007
005491167867741
005491167867726
0034604231755
0079089474910
00525575392997
00447738074273
00525575393015
00491702339540
0079089474976
0079089474906
00491702339484
00525575393028
005491167867734
00447738074387
00447738074376
00525575393100
00447738074270
0034604231783
005491167867777
0034604231735
005491167867732
0034604231681
00491702339467
005491167867779
0079089474904
00491702339568
0079089475004
0079089474981
00491702339491
00525575393039
00447738074354
00491702339552
0034604231715
00447738074364
0034604231699
00447738074360
0034604231787
005491167867816
005491167867793
005491167867702
00525575393005
00447738074296
00491702339557
00525575393014
0079089474967
005491167867799
005491167867698
0034604231672
0079089474903
00447738074385
00491702339469
00491702339567
0079089474986
0034604231677
005491167867716
0079089474927
0034604231676
00491702339560
00491702339487
0034604231706
00447738074349
0079089474890
00525575393018
0034604231769
005491167867724
00447738074345
0034604231704
0034604231719
0079089475012
00491702339462
0079089474902
0079089474941
0034604231684
00491702339561
00447738074264
0079089474928
00491702339564
0034604231712
00447738074289
0079089474993
0034604231743
00525575393082
00447738074302
005491167867714
00447738074372
0079089474932
0034604231683
00447738074382
00447738074352
00525575393052
0034604231693
0079089474963
005491167867782
005491167867737
0079089474953
005491167867795
0034604231729
00447738074369
00525575393024
005491167867747
00491702339494
00447738074266
0034604231718
005491167867766
0079089474938
0034604231784
00447738074326
0034604231751
0079089474911
005491167867772
0034604231742
00491702339485
00491702339506
00491702339504
0034604231731
005491167867762
005491167867727
0079089474977
00525575393089
0034604231771
0079089474921
0079089474978
00447738074320
0034604231679
00491702339497
0034604231739
0034604231705
005491167867701
00525575393034
00447738074304
005491167867781
00491702339556
0034604231744
0034604231768
0034604231703
00491702339455
0034604231674
005491167867708
0079089474971
005491167867770
00491702339500
00491702339517
00491702339528
005491167867694
005491167867756
00491702339541
00491702339505
005491167867774
0079089474947
00447738074357
005491167867809
0034604231692
0034604231694
005491167867761
00525575393073
00447738074348
005491167867738
00447738074292
0079089474956
00525575392993
00525575393059
0034604231723
00491702339511
0034604231764
0034604231738
00491702339544
0034604231713
00447738074311
00491702339482
005491167867719
00447738074322
005491167867813
0034604231682
0079089475006
0079089474894
005491167867775
00491702339489
0034604231717
0079089475007
00491702339522
00491702339456
00447738074331
00525575392983
00447738074300
0034604231778
0034604231781
00491702339532
0079089475011
00447738074378
0079089474969
005491167867757
0079089474982
00491702339476
00491702339533
00491702339512
0034604231701
005491167867697
005491167867767
0079089474935
0079089474915
00491702339475
00525575393008
0079089474901
0079089474895
00525575393090
005491167867733
00491702339508
00491702339495
005491167867712
00491702339549
005491167867796
005491167867744
00525575392995
00491702339457
00447738074359
