00436641345769
0079089473195
0079089473207
00491702337724
005491167865503
005491167865500
00491702337773
00436641345687
005491167865476
00447738072627
00491702337751
005491167865411
00436641345690
00436641345681
00491702337762
005491167865506
00436641345682
00447738072528
00436641345703
00491702337811
0079089473232
00525575391322
00436641345799
00447738072556
00491702337716
0079089473206
00491702337738
0079089473208
00436641345701
00491702337708
00436641345737
00436641345746
00436641345739
00491702337733
00436641345696
00447738072615
00491702337816
00491702337791
0079089473144
00436641345684
005491167865416
00436641345793
00436641345755
00491702337776
00525575391262
00491702337767
00525575391344
00447738072588
00436641345727
00436641345761
00491702337730
0034604230043
00447738072560
00436641345688
00491702337710
0079089473253
00491702337722
005491167865399
00447738072562
005491167865504
00447738072555
005491167865496
005491167865426
0079089473163
00491702337749
00436641345686
00525575391281
005491167865464
005491167865434
005491167865443
00525575391354
0079089473230
0034604230039
00525575391241
00436641345691
00447738072570
0079089473226
00525575391286
00436641345797
005491167865441
0079089473149
00525575391250
005491167865422
00436641345743
00436641345717
005491167865410
00436641345782
0079089473191
0034604230024
00491702337800
0079089473224
00436641345680
0079089473262
00436641345699
005491167865487
00436641345780
0034604230015
005491167865498
00436641345796
00525575391349
0079089473258
0079089473219
00491702337744
0034604230017
00436641345707
00491702337734
005491167865408
00491702337827
00491702337719
00436641345692
005491167865469
00491702337799
0079089473176
0079089473250
0079089473158
00491702337786
00436641345760
00447738072553
0079089473249
0079089473187
00491702337713
00436641345778
00491702337756
00436641345775
005491167865452
00447738072564
00436641345751
0079089473236
00491702337828
00436641345762
00491702337723
005491167865402
00525575391302
0079089473185
00491702337770
005491167865488
00447738072585
00491702337774
0079089473155
005491167865439
00436641345763
00436641345756
0079089473181
00436641345738
00491702337823
00491702337805
005491167865478
00447738072590
0079089473237
00525575391253
00525575391318
0034604230031
00491702337766
0079089473260
00436641345712
00436641345777
00447738072586
0079089473256
005491167865423
00491702337712
00525575391337
005491167865413
00436641345776
00447738072527
00436641345720
0034604230016
00436641345794
00447738072633
00436641345787
00491702337709
0079089473148
005491167865406
005491167865485
00436641345800
00436641345695
00447738072629
00491702337779
00491702337783
00436641345795
00436641345685
00436641345713
00447738072637
0079089473240
005491167865501
00436641345791
00436641345753
00525575391355
00525575391235
0034604230035
00447738072547
00447738072581
0079089473177
00491702337707
005491167865385
00525575391347
00525575391313
0079089473161
005491167865483
005491167865401
0079089473173
0079089473202
00491702337785
0079089473217
005491167865396
00491702337748
005491167865471
00525575391345
0034604230025
00525575391304
0079089473203
00491702337743
00436641345788
00491702337829
00491702337720
00491702337802
00447738072578
0079089473200
00436641345757
0079089473221
00491702337818
005491167865457
0079089473152
00436641345683
00491702337814
00436641345744
00447738072617
00491702337778
00436641345718
00491702337826
0034604230023
0079089473234
0079089473220
00436641345772
005491167865390
00436641345750
005491167865387
0079089473214
0034604230036
005491167865442
0079089473151
00491702337754
00436641345768
00436641345725
00491702337795
00491702337809
005491167865493
00447738072539
0034604230021
00436641345785
00447738072572
00491702337715
005491167865417
005491167865397
00525575391233
0079089473167
0079089473188
0079089473168
0079089473142
00436641345766
00447738072608
0079089473180
00436641345689
00436641345752
00491702337819
00436641345710
00491702337817
00436641345741
00436641345697
0079089473211
00436641345749
00491702337760
00436641345702
0079089473259
00525575391348
0079089473223
00491702337739
0079089473251
005491167865421
00491702337822
00447738072612
00525575391280
00436641345770
0079089473210
00525575391294
005491167865429
00436641345679
0034604230040
00491702337736
00491702337717
0079089473160
00491702337728
00436641345747
0034604230018
00436641345764
0079089473199
00447738072613
00436641345765
00436641345735
00436641345759
005491167865492
00447738072614
00436641345767
00436641345740
00491702337752
00491702337803
0034604230014
00491702337789
005491167865490
00436641345728
