0034604230016
0034604230230
0034604230035
0034604230084
0034604230021
0034604230023
0034604230040
0034604230060
0034604230073
0034604230068
0034604230047
0034604230192
0034604230142
0034604230219
0034604230039
0034604230014
0034604230082
0034604230071
0034604230017
0034604230214
0034604230015
0034604230024
0034604230144
0034604230108
0034604230031
0034604230036
0034604230043
0034604230050
0034604230090
0034604230054
0034604230107
0034604230150
0034604230046
0034604230110
0034604230156
0034604230078
0034604230172
0034604230130
0034604230072
0034604230056
0034604230137
0034604230151
0034604230168
0034604230221
0034604230070
0034604230167
0034604230052
0034604230202
0034604230189
0034604230185
0034604230025
0034604230208
0034604230092
0034604230154
0034604230064
0034604230083
0034604230133
0034604230018
0034604230186
0034604230161
0034604230074
0034604230103
0034604230243
0034604230233
0034604230252
0034604230228
0034604230231
0034604230058
0034604230246
0034604230094
0034604230170
0034604230184
0034604230239
0034604230240
0034604230146
0034604230229
0034604230209
0034604230131
0034604230087
0034604230080
0034604230076
0034604230226
0034604230201
0034604230241
0034604230143
0034604230260
0034604230179
0034604230261
0034604230249
0034604230175
0034604230140
0034604230159
0034604230155
0034604230183
0034604230198
0034604230236
0034604230059
0034604230253
0034604230197
0034604230117
0034604230245
0034604230081
0034604230244
0034604230106
0034604230262
0034604230223
0034604230169
0034604230275
0034604230284
0034604230278
0034604230283
0034604230291
0034604230279
0034604230274
0034604230276
0034604230265
0034604230280
0034604230287
0034604230282
0034604230277
0034604230289
0034604230293
0034604230295
0034604230302
0034604230329
0034604230450
0034604230310
0034604230298
0034604230360
0034604230294
0034604230364
0034604230370
0034604230306
0034604230391
0034604230342
0034604230422
0034604230301
0034604230308
0034604230340
0034604230304
0034604230462
0034604230299
0034604230332
0034604230416
0034604230417
0034604230303
0034604230470
0034604230426
0034604230376
0034604230549
0034604230418
0034604230451
0034604230570
0034604230390
0034604230401
0034604230394
0034604230354
0034604230363
0034604230503
0034604230389
0034604230486
0034604230423
0034604230336
0034604230468
0034604230322
0034604230346
0034604230362
0034604230509
0034604230428
0034604230337
0034604230447
0034604230309
0034604230484
0034604230553
0034604230405
0034604230587
0034604230347
0034604230603
0034604230548
0034604230455
0034604230454
0034604230338
0034604230396
0034604230465
0034604230495
0034604230382
0034604230572
0034604230467
0034604230411
0034604230487
0034604230575
0034604230518
0034604230525
0034604230523
0034604230539
0034604230481
0034604230343
0034604230527
0034604230392
0034604230498
0034604230533
0034604230497
0034604230586
0034604230505
0034604230578
0034604230437
0034604230532
0034604230479
0034604230352
0034604230480
0034604230461
0034604230542
0034604230580
0034604230521
0034604230442
0034604230602
0034604230544
0034604230601
0034604230583
0034604230513
0034604230554
0034604230535
0034604230530
0034604230436
0034604230562
0034604230443
0034604230429
0034604230469
0034604230412
0034604230519
0034604230547
0034604230504
0034604230545
0034604230501
0034604230522
0034604230569
0034604230489
0034604230529
0034604230574
0034604230561
0034604230400
0034604230425
0034604230573
0034604230494
0034604230460
0034604230559
0034604230576
0034604230541
0034604230596
0034604230600
0034604230472
0034604230599
0034604230438
0034604230515
0034604230581
0034604230595
0034604230633
0034604230620
0034604230624
0034604230630
0034604230628
0034604230617
0034604230631
0034604230615
0034604230605
0034604230616
0034604230609
0034604230607
0034604230626
0034604230629
0034604230621
0034604230612
0034604230641
0034604230638
0034604230643
0034604230697
0034604230713
0034604230667
0034604230673
0034604230639
0034604230709
0034604230706
0034604230650
0034604230661
0034604230636
0034604230658
0034604230657
0034604230691
0034604230679
0034604230669
0034604230677
0034604230683
0034604230687
0034604230696
0034604230688
0034604230702
0034604230705
0034604230689
0034604230682
0034604230693
0034604230647
0034604230653
0034604230652
0034604230670
0034604230712
0034604230637
0034604230656
0034604230708
0034604230704
0034604230701
0034604230674
0034604230707
0034604230714
0034604230710
0034604230675
0034604230711
0034604230715
0034604230694
0034604230798
0034604230718
0034604230785
0034604230728
0034604230721
0034604230755
0034604230748
0034604230722
0034604230771
0034604230767
0034604230782
0034604230793
0034604230720
0034604230734
0034604230764
0034604230762
0034604230784
0034604230735
0034604230745
0034604230724
0034604230778
0034604230726
0034604230768
0034604230733
0034604230775
0034604230791
0034604230758
0034604230788
0034604230725
0034604230754
0034604230794
0034604230795
0034604230727
0034604230783
0034604230779
0034604230757
0034604230796
0034604230797
0034604230844
0034604230814
0034604230883
0034604230842
0034604230827
0034604230817
0034604230810
0034604230821
0034604230825
0034604230826
0034604230832
0034604230830
0034604230851
0034604230873
0034604230813
0034604230882
0034604230878
0034604230846
0034604230828
0034604230856
0034604230845
0034604230871
0034604230809
0034604230834
0034604230868
0034604230848
0034604230818
0034604230811
0034604230841
0034604230839
0034604230857
0034604230881
0034604230872
0034604230869
0034604230803
0034604230855
0034604230812
0034604230820
0034604230853
0034604230824
0034604230877
0034604230875
0034604230866
0034604230806
0034604230901
0034604230906
0034604230905
0034604230900
0034604230916
0034604230892
0034604230891
0034604230914
0034604230909
0034604230885
0034604230899
0034604230886
0034604230887
0034604230893
0034604230896
0034604230918
0034604230917
0034604230913
0034604230895
0034604230910
