0079089475867
0079089475884
0079089475883
00447738075227
0034604232605
00491702340367
005491167868600
00525575393978
0034604232604
0034604232601
0079089475815
0079089475813
0034604232648
005491167868609
0079089475816
005491167868645
0079089475882
005491167868627
00491702340388
00491702340363
005491167868602
00525575393907
005491167868671
0034604232655
0079089475775
0079089475784
0034604232617
0034604232633
00491702340361
0079089475828
0034604232579
0079089475845
005491167868625
00491702340436
0034604232621
00525575393868
00491702340453
00491702340390
005491167868651
0034604232577
00447738075197
00447738075149
0079089475766
00525575393961
0034604232563
0079089475777
00491702340404
00447738075214
00491702340419
0079089475854
0079089475799
00491702340392
005491167868686
0034604232588
00447738075178
0034604232565
0079089475826
00447738075230
00447738075250
005491167868632
0079089475870
0079089475830
00491702340331
00491702340351
005491167868628
00491702340344
0079089475849
0034604232611
0034604232643
005491167868580
0034604232616
0034604232597
0079089475844
00491702340399
005491167868668
00491702340403
00447738075252
0034604232580
005491167868612
00447738075176
00525575393906
00491702340360
005491167868633
0079089475858
00447738075242
00447738075217
00447738075222
00525575393974
00491702340356
00491702340348
0034604232547
00491702340413
0079089475808
0034604232634
0034604232651
00447738075215
0079089475771
005491167868674
00491702340338
0034604232609
0079089475873
0079089475778
00491702340339
0079089475787
005491167868692
0079089475802
0034604232587
00491702340441
00447738075196
0079089475869
00491702340437
00447738075229
005491167868579
00447738075206
00447738075155
0034604232649
00491702340343
0034604232612
00525575393866
005491167868581
00491702340406
005491167868575
005491167868631
0034604232564
00491702340450
00491702340376
005491167868620
005491167868682
00525575393971
00447738075188
0079089475856
0034604232656
0034604232630
0079089475846
005491167868584
00447738075189
00447738075212
0034604232556
00491702340395
00491702340393
005491167868603
0034604232644
005491167868608
00491702340334
005491167868684
0034604232658
0079089475819
00491702340354
00525575393942
0079089475773
0034604232553
00525575393973
0079089475817
0034604232607
00525575393897
00447738075163
0034604232568
00447738075180
00491702340342
00491702340400
00491702340370
0034604232635
00447738075253
005491167868623
0034604232606
00491702340433
00491702340336
00447738075237
0079089475783
0034604232570
00491702340454
005491167868626
0079089475831
00447738075202
00491702340353
0034604232659
00491702340378
0034604232613
00491702340333
0079089475874
0079089475827
0034604232592
0034604232591
00447738075144
005491167868585
00525575393858
00491702340397
00491702340374
0034604232664
00491702340451
0079089475887
005491167868607
005491167868656
005491167868571
0034604232602
0079089475863
005491167868655
0079089475809
0034604232660
005491167868630
0079089475792
00491702340447
0034604232629
00447738075162
005491167868570
00525575393919
005491167868679
0079089475789
0079089475795
005491167868572
00447738075220
00525575393869
00447738075159
0079089475833
0034604232554
00491702340368
00491702340359
00491702340398
00491702340346
00447738075167
005491167868648
005491167868622
00491702340375
00447738075259
00447738075142
00491702340401
00525575393890
005491167868634
0034604232622
00491702340444
0079089475794
00447738075209
005491167868617
00447738075138
0034604232618
00491702340421
0034604232641
0034604232595
0079089475864
0034604232544
0034604232550
00491702340411
005491167868621
00447738075150
00491702340350
00525575393882
00447738075166
