00491702343266
005491167871544
005491167871541
00491702343212
0034604235519
005491167871455
00491702343240
0079089478690
0079089478697
0079089478705
005491167871511
0034604235474
00491702343312
00491702343309
00491702343303
0034604235534
005491167871488
0034604235420
00447738078130
00491702343211
00436641351281
00491702343219
00491702343238
00436641351189
00436641351218
0079089478728
00491702343287
0034604235526
005491167871467
0079089478723
00436641351210
0034604235419
00436641351204
00436641351271
0034604235497
00436641351258
0079089478642
00447738078129
00491702343291
0034604235484
005491167871499
0034604235443
00436641351207
0079089478736
005491167871512
00525575396803
00436641351200
0034604235466
00491702343224
00436641351190
00447738078135
005491167871520
00436641351211
00491702343254
0079089478651
00447738078028
0079089478761
00436641351274
00491702343209
00447738078063
00436641351291
00491702343223
00447738078093
0034604235518
0034604235446
00436641351193
00436641351269
00491702343271
005491167871490
0079089478755
0079089478732
0034604235538
00436641351266
00436641351277
00525575396797
00436641351235
0079089478654
00436641351240
005491167871551
00491702343280
00491702343282
0079089478757
0079089478752
00525575396835
0079089478677
0079089478751
00491702343208
0079089478674
00447738078051
0034604235464
00491702343218
00491702343279
00436641351181
0034604235470
005491167871447
005491167871527
0034604235527
00491702343323
005491167871535
005491167871444
00447738078107
00491702343265
00491702343244
0034604235459
0079089478716
00491702343229
00436641351230
005491167871496
005491167871481
00525575396818
005491167871526
0034604235492
00491702343325
00436641351275
00525575396808
005491167871502
00447738078095
0034604235502
005491167871462
00436641351276
00436641351199
0034604235529
00436641351241
00436641351238
0079089478701
00447738078100
0034604235504
00436641351228
0079089478695
005491167871543
0079089478686
0079089478750
005491167871482
0079089478753
00525575396740
00436641351203
00436641351279
00436641351180
0079089478709
00436641351183
00491702343246
00525575396736
005491167871538
00447738078047
00447738078032
0079089478641
00436641351195
00491702343228
00525575396756
00491702343242
00436641351192
00525575396832
00491702343289
00436641351290
0034604235528
00525575396792
0034604235509
0079089478721
00447738078116
0034604235539
00525575396847
00436641351293
00436641351234
00491702343234
005491167871450
00447738078101
00491702343277
005491167871453
00491702343233
00491702343269
00436641351201
00491702343314
00491702343255
00491702343272
00447738078040
00491702343263
0079089478659
00491702343304
00491702343278
00491702343273
00491702343321
00491702343252
0034604235488
0079089478685
00491702343328
0034604235496
005491167871514
005491167871470
00491702343241
00525575396840
00436641351284
0034604235448
00491702343315
0034604235512
0034604235495
0034604235427
00436641351187
005491167871473
0079089478711
0034604235465
0034604235480
00491702343270
00436641351254
00436641351301
00491702343222
00436641351209
0079089478700
00447738078030
005491167871501
005491167871533
005491167871508
00447738078016
00436641351239
00436641351263
0034604235530
0079089478662
0079089478660
00436641351202
00525575396815
00525575396826
00525575396790
005491167871504
0079089478746
005491167871445
0079089478696
005491167871516
00491702343243
0034604235485
00491702343297
00436641351237
00447738078061
0079089478667
00491702343311
0034604235440
005491167871500
00491702343290
00436641351288
00491702343288
00491702343276
005491167871459
00436641351270
00436641351287
00447738078120
0079089478678
0034604235461
00436641351223
0034604235428
0034604235491
005491167871510
00436641351289
0079089478648
00436641351231
00436641351268
005491167871545
0079089478664
005491167871466
00525575396794
00491702343232
00491702343253
00491702343250
00447738078110
00436641351182
00447738078057
0079089478719
00436641351227
005491167871443
0034604235457
0079089478741
00491702343285
005491167871525
00436641351178
0034604235523
00491702343256
00447738078124
00436641351196
00447738078097
00436641351302
005491167871521
00491702343295
00436641351272
00436641351300
0079089478646
00525575396793
0034604235460
00491702343210
00491702343322
00436641351267
00525575396787
00436641351278
0034604235445
0079089478727
0079089478730
0079089478706
00436641351225
00447738078089
0079089478688
005491167871558
0079089478639
00447738078111
00436641351229
0079089478689
00525575396758
00491702343320
00491702343294
0079089478680
00436641351213
00447738078108
00436641351212
00436641351260
0079089478708
0034604235458
00447738078117
0034604235513
0034604235487
00491702343286
00491702343235
00491702343307
00525575396778
00436641351221
00525575396754
0034604235472
00525575396747
00436641351205
00525575396854
00436641351215
00436641351208
00525575396834
00525575396770
0079089478682
00491702343249
005491167871542
005491167871493
00436641351297
005491167871446
00525575396767
00491702343275
0034604235489
00491702343281
