00525575391233
00525575391241
00525575391235
00525575391253
00525575391262
00525575391250
00525575391280
00525575391322
00525575391304
00525575391286
00525575391516
00525575391294
00525575391344
00525575391345
00525575391355
00525575391347
00525575391313
00525575391493
00525575391400
00525575391459
00525575391378
00525575391302
00525575391534
00525575391418
00525575391468
00525575391497
00525575391281
00525575391357
00525575391380
00525575391657
00525575391348
00525575391471
00525575391713
00525575391543
00525575391358
00525575391354
00525575391599
00525575391671
00525575391611
00525575391501
00525575391362
00525575391544
00525575391569
00525575391621
00525575391558
00525575391559
00525575391492
00525575391588
00525575391456
00525575391596
00525575391681
00525575391349
00525575391834
00525575391527
00525575391649
00525575391574
00525575391410
00525575391590
00525575392080
00525575391709
00525575391757
00525575391431
00525575391708
00525575391457
00525575391486
00525575391761
00525575391593
00525575391337
00525575391647
00525575391735
00525575391573
00525575391686
00525575391814
00525575391806
00525575391603
00525575392065
00525575391537
00525575391823
00525575391871
00525575391665
00525575391639
00525575391731
00525575392051
00525575391889
00525575391943
00525575391869
00525575391552
00525575391876
00525575392020
00525575391833
00525575392039
00525575391964
00525575392056
00525575391724
00525575391482
00525575391922
00525575391787
00525575391682
00525575391872
00525575392068
00525575391511
00525575392166
00525575391937
00525575391911
00525575391895
00525575392017
00525575391691
00525575392043
00525575391859
00525575392018
00525575391913
00525575391961
00525575391939
00525575391885
00525575392044
00525575391899
00525575391898
00525575391847
00525575391903
00525575392225
00525575391975
00525575392155
00525575392123
00525575391736
00525575391928
00525575392086
00525575391962
00525575391609
00525575391790
00525575392028
00525575391617
00525575391755
00525575391995
00525575392174
00525575391764
00525575391942
00525575392069
00525575392171
00525575392178
00525575391782
00525575392014
00525575392118
00525575391822
00525575391792
00525575392185
00525575392217
00525575391896
00525575392055
00525575391624
00525575392111
00525575392100
00525575392029
00525575392109
00525575391970
00525575392196
00525575391983
00525575392148
00525575392134
