00436641349988
00436641350036
00436641350051
00436641350028
0079089477451
00436641350012
00525575395527
00525575395570
00491702341996
00447738076879
0079089477402
00491702342027
00447738076812
00491702341982
00491702341975
00491702342067
00491702342016
00436641349943
00436641349960
00436641349971
005491167870196
00436641349959
00436641349942
005491167870277
0079089477494
0079089477470
00436641350046
00447738076868
00447738076793
00491702342036
00436641350027
00436641350038
00491702342030
00436641349980
00491702342018
00491702342008
00525575395539
0079089477436
00447738076798
00491702341997
0079089477505
005491167870291
00491702342077
0079089477443
00436641350029
00436641349992
00491702342055
00436641350052
0079089477477
0079089477397
00436641349966
00436641349928
00436641350040
00447738076764
00491702341984
0079089477390
00436641349953
00436641350017
0079089477421
00436641349998
00525575395603
00436641350041
0079089477486
00525575395487
005491167870197
00436641349990
0079089477408
00491702342058
00491702341968
00436641349944
005491167870216
0079089477493
0079089477400
0079089477446
00491702341972
00436641349939
005491167870300
00491702341973
00491702342014
00447738076789
00491702341983
00491702342024
00436641349935
00447738076859
00436641349978
00525575395561
00491702342070
00447738076815
0079089477460
00491702342004
00491702341989
00491702342078
00491702342066
00447738076833
00436641350033
005491167870223
00436641349962
00436641349931
0079089477422
00436641350007
00436641350043
00491702342075
00491702342071
00436641350045
00491702342033
00447738076853
00436641350016
0079089477442
00447738076869
00491702341980
00525575395577
00491702342046
00436641349972
00491702342013
00447738076804
00436641349997
00436641349993
005491167870280
00436641349947
00447738076826
00436641349973
00491702342040
00491702341988
0079089477429
00436641350000
00491702342057
0079089477399
00447738076854
00447738076824
00436641349987
005491167870220
00436641350021
00436641349996
00436641349995
00491702342072
0079089477503
0079089477435
00491702341998
00436641349954
0079089477474
0079089477487
00436641350022
005491167870267
0079089477508
005491167870259
00447738076766
00447738076803
00436641349986
0079089477455
005491167870288
00491702341965
00491702341962
00491702341976
00525575395515
005491167870286
0079089477393
00491702342025
00525575395509
00525575395581
005491167870218
00436641349984
0079089477440
00447738076797
00447738076822
005491167870204
0079089477411
00447738076887
00436641349969
00447738076852
00447738076875
00436641350015
0079089477465
00491702341992
0079089477469
00491702342065
00447738076813
0079089477463
00491702341978
00436641350003
00491702341974
0079089477483
0079089477412
00491702342056
0079089477433
00491702342053
00436641350020
005491167870306
00491702342011
00447738076884
00491702342026
00491702342002
00436641350049
00491702342009
00436641350010
00447738076865
005491167870206
00447738076774
00436641350004
005491167870235
00491702341960
0079089477490
005491167870222
005491167870255
00491702341961
00491702342015
005491167870242
00447738076830
00447738076819
00491702342060
00436641350011
00436641349950
0079089477504
005491167870203
00436641349991
00436641350009
00491702342010
0079089477485
0079089477456
00491702342000
00491702342061
005491167870284
00436641350019
00436641349949
00447738076808
00436641350039
00436641349933
0079089477410
0079089477445
00491702341999
005491167870199
00491702342050
00436641349941
00447738076779
005491167870224
00436641349938
00525575395604
00491702341977
00436641350031
0079089477426
00491702342023
00491702342005
0079089477512
00491702341993
005491167870234
00491702342047
00436641349929
00436641349994
00525575395503
00491702341969
00491702342020
0079089477430
00491702342044
0079089477431
0079089477395
00447738076796
00491702342031
0079089477389
00491702342003
00436641349977
00436641350024
00491702342029
00436641349930
00436641349999
0079089477509
005491167870313
0079089477452
00447738076849
0079089477394
00525575395486
00447738076860
00447738076787
00491702342032
00436641350025
00525575395499
00447738076885
00436641349964
00436641350034
00491702342006
0079089477468
00436641350005
005491167870293
005491167870262
00491702341955
00491702341964
00491702342076
00436641350050
