0034604235031
005491167870950
00436641350799
005491167870961
00436641350773
005491167870949
005491167871034
00491702342799
00491702342723
0079089478197
005491167871049
0079089478169
00491702342708
0079089478230
0079089478146
00436641350740
00491702342729
00491702342740
00491702342707
00447738077609
00436641350762
00436641350750
00447738077542
005491167871020
00491702342818
00491702342797
00447738077522
005491167870946
005491167871032
005491167871040
00491702342801
0079089478181
005491167871025
0034604235011
0079089478163
005491167871031
0034604235034
005491167871024
00436641350719
00447738077578
0079089478172
00491702342814
005491167871003
00491702342728
00447738077595
00447738077619
00447738077604
0079089478217
005491167871053
00525575396310
00436641350697
005491167871058
005491167870985
00436641350717
00491702342811
0079089478171
00491702342803
00436641350705
005491167871038
00491702342821
005491167871067
00525575396259
00436641350708
00436641350696
00436641350742
00436641350714
00447738077631
0079089478187
0034604235021
00436641350763
0079089478228
005491167871000
00525575396258
00436641350792
00436641350754
00436641350725
00447738077516
0079089478199
00525575396291
00447738077520
00436641350711
00436641350703
0034604235023
00525575396298
00525575396352
00491702342792
0079089478189
00447738077554
00436641350735
0034604235002
0079089478241
00436641350789
0079089478140
0079089478227
005491167871046
00525575396329
00491702342812
00491702342822
00491702342810
0034604235016
00436641350679
00491702342823
00436641350769
005491167871002
0034604235028
0079089478215
00436641350688
00447738077517
00436641350728
00491702342748
0034604235043
00491702342826
0079089478155
00436641350776
00491702342715
0034604235014
0079089478164
00447738077622
0079089478174
005491167870981
005491167871021
00436641350715
005491167871027
0079089478147
0079089478259
005491167870976
00436641350780
00436641350759
00491702342784
005491167871055
00447738077598
0079089478186
00436641350730
00436641350766
005491167871048
00436641350800
0079089478219
00436641350783
005491167870998
00436641350775
00491702342719
00491702342705
00447738077563
0079089478182
0079089478248
00436641350770
00491702342749
00491702342800
0079089478245
00436641350678
005491167871042
0034604235006
005491167870966
00491702342710
005491167870984
00491702342741
00491702342772
00436641350797
00525575396351
00447738077581
00525575396339
00436641350772
0034604235019
00491702342706
00436641350774
0079089478229
0079089478242
00447738077620
00491702342791
00491702342718
005491167871017
00436641350722
00491702342763
005491167870995
00525575396303
00491702342809
00447738077535
00525575396271
0079089478222
00491702342813
00436641350794
005491167871029
0079089478220
00436641350765
0034604235036
0034604235013
005491167870989
00447738077521
0079089478208
0034604235004
00491702342783
00436641350747
00447738077568
00491702342754
00436641350731
005491167871036
00491702342712
00436641350732
00436641350745
0034604235018
00436641350691
00491702342777
00436641350706
0034604235030
0079089478202
005491167871010
00447738077625
005491167871066
00525575396319
00447738077602
00491702342722
0079089478190
00525575396263
0079089478201
00525575396282
00436641350710
00491702342815
0079089478213
00436641350718
00436641350704
0034604235009
00491702342789
0079089478141
00447738077524
00491702342794
00491702342714
00447738077600
005491167870980
0034604235040
0034604235022
00491702342827
00436641350720
005491167871022
005491167871001
00525575396331
00525575396287
0034604235020
00436641350752
00436641350741
0079089478205
00491702342717
0079089478244
00436641350748
0079089478142
00436641350700
00491702342816
00491702342721
00436641350701
0079089478247
005491167871043
0079089478256
00436641350756
00436641350777
00491702342796
00436641350702
00491702342775
0079089478161
00447738077601
00436641350802
00447738077580
005491167871056
00447738077551
00491702342771
00436641350751
00491702342750
00491702342711
00447738077514
00447738077527
00525575396241
00436641350734
00525575396264
00491702342759
