0034604233051
00491702340927
0034604233045
0034604233057
005491167869175
00491702340942
00491702340846
00491702340892
00491702340841
0034604233109
0079089476268
0079089476308
00447738075754
0034604233142
0079089476312
005491167869148
00447738075701
005491167869119
0034604233067
00447738075759
00447738075738
00491702340898
0034604233160
005491167869095
0034604233141
00447738075700
0034604233071
005491167869174
0034604233074
005491167869181
00447738075751
00491702340867
005491167869114
00491702340856
0034604233101
00447738075717
0079089476350
0079089476263
00491702340868
00491702340839
00491702340861
0034604233097
005491167869179
00491702340939
00491702340936
0034604233137
0034604233054
00447738075651
0034604233095
00491702340882
00491702340837
00525575394476
00447738075676
0079089476294
0034604233158
00447738075714
005491167869096
0034604233167
005491167869137
00525575394357
005491167869180
0079089476362
005491167869188
0034604233129
00491702340884
0034604233093
00447738075695
005491167869139
00491702340949
00447738075664
005491167869158
00447738075644
00447738075750
00491702340858
00447738075642
0034604233135
0034604233076
00447738075662
0034604233086
0034604233107
00525575394428
00525575394382
0034604233049
00491702340847
00447738075650
00491702340926
0034604233090
0079089476313
00447738075655
0079089476290
0079089476347
0079089476339
0034604233062
0034604233125
005491167869099
005491167869110
00447738075639
00525575394418
0079089476302
00491702340872
0079089476356
005491167869140
00447738075736
00491702340836
00447738075684
0079089476365
0079089476378
0079089476270
00491702340871
005491167869103
005491167869094
00491702340907
00491702340897
0034604233104
0034604233075
005491167869082
0034604233105
0034604233121
00447738075741
0079089476265
0079089476338
005491167869183
005491167869136
005491167869068
00525575394386
00491702340947
0034604233060
00525575394454
0034604233091
005491167869083
005491167869118
00525575394374
0034604233130
0079089476324
0034604233082
005491167869190
005491167869154
005491167869147
0034604233103
005491167869138
0079089476328
0079089476298
00491702340850
00491702340844
0034604233138
0034604233061
00491702340924
00525575394430
0079089476271
00447738075698
0034604233151
00491702340901
0079089476340
005491167869074
0034604233140
00525575394450
00447738075697
0079089476376
00491702340835
005491167869159
00491702340886
0034604233145
00491702340905
00491702340952
00447738075693
00447738075692
0034604233128
00491702340887
00491702340925
0034604233073
005491167869086
00525575394373
005491167869122
00491702340944
005491167869173
00447738075743
0079089476282
00447738075649
00491702340843
00525575394360
00447738075756
00491702340883
005491167869172
0034604233131
0034604233098
00447738075755
00525575394398
00491702340859
0034604233165
005491167869117
00447738075652
00447738075656
00491702340910
00447738075675
0034604233046
00491702340863
00491702340946
00447738075688
00447738075706
00491702340908
005491167869142
005491167869123
0034604233087
0034604233065
0034604233106
0079089476386
00447738075681
0079089476326
005491167869162
0079089476360
0079089476323
00491702340862
00447738075646
00491702340849
00525575394435
00491702340948
00525575394468
00491702340950
00525575394425
005491167869080
0079089476314
0079089476289
0034604233162
00525575394375
00447738075732
00447738075725
0034604233126
00491702340879
00491702340943
00525575394401
00525575394383
00491702340864
0034604233134
00491702340869
00447738075748
005491167869084
0034604233072
00447738075721
005491167869168
00491702340915
0034604233124
00491702340860
00491702340932
00525575394420
00491702340931
005491167869146
0079089476300
00491702340881
0034604233092
0079089476266
0034604233139
0034604233143
0034604233079
00491702340851
005491167869178
00491702340853
005491167869069
00447738075686
0079089476293
0034604233050
005491167869098
00447738075707
0079089476344
00491702340840
00491702340857
00447738075647
00525575394371
0034604233056
00491702340873
