005491167865498
0034604230035
00491702337829
00436641345728
00491702337786
0079089473259
00436641345712
005491167865483
00491702337710
0079089473221
0079089473253
0079089473168
00436641345738
00436641345778
0079089473188
00491702337744
0079089473151
0079089473161
005491167865452
005491167865500
00436641345692
00491702337723
00491702337724
00491702337749
00447738072572
00491702337719
00491702337811
005491167865406
005491167865396
005491167865429
00491702337816
00436641345768
0079089473173
00436641345759
00491702337712
00447738072586
00436641345695
0034604230043
005491167865487
005491167865504
00447738072556
005491167865457
0079089473262
00447738072613
0079089473250
00491702337722
00447738072588
00491702337822
00436641345746
0034604230040
005491167865441
0079089473167
0034604230015
00525575391322
00436641345744
00491702337730
00436641345743
00491702337770
00491702337778
00447738072578
005491167865503
005491167865493
00436641345750
0034604230025
00491702337779
00436641345735
0079089473234
0079089473155
0034604230031
0079089473208
00491702337756
005491167865496
00436641345718
0079089473214
005491167865434
00436641345765
00436641345776
00447738072617
00447738072547
005491167865387
0034604230023
0079089473144
00436641345720
00436641345775
005491167865417
0079089473256
0079089473207
00491702337751
00491702337748
00436641345680
00525575391355
00447738072590
00491702337739
00447738072612
0079089473202
0079089473260
0034604230039
00436641345782
00436641345755
00436641345687
0034604230014
00525575391318
00436641345686
00525575391233
00436641345681
00436641345689
0079089473217
00447738072562
00436641345756
00436641345793
0079089473199
00436641345785
00436641345713
00447738072553
00525575391345
00436641345761
00491702337720
00436641345797
00447738072527
0079089473237
005491167865402
00436641345690
005491167865488
0079089473158
00525575391250
005491167865421
00436641345701
00436641345691
00491702337734
0079089473187
00525575391344
00436641345702
00491702337805
00491702337814
00491702337736
00491702337762
0079089473191
0079089473200
005491167865485
0079089473240
00491702337819
00491702337783
005491167865416
00436641345787
00436641345772
00436641345752
00436641345699
00491702337715
00491702337767
005491167865476
0079089473232
00436641345800
0079089473149
0079089473163
00436641345795
00491702337828
00436641345727
005491167865464
0079089473180
0079089473230
00491702337800
00491702337738
00491702337716
00491702337803
00525575391347
00525575391286
005491167865411
00491702337754
00447738072629
005491167865506
00491702337774
00525575391235
005491167865413
00525575391354
00436641345796
00525575391241
00525575391304
005491167865397
00436641345764
00491702337826
00436641345679
00491702337707
0079089473152
0034604230017
00436641345747
00447738072585
005491167865501
00491702337728
00491702337708
00491702337809
005491167865426
00436641345740
00436641345799
00436641345710
0079089473148
00447738072627
005491167865390
00491702337823
00436641345767
00491702337817
00491702337799
0079089473211
0034604230018
00436641345751
0079089473206
00491702337773
00436641345739
00436641345725
0079089473258
005491167865469
00436641345737
005491167865422
00436641345769
005491167865471
00436641345697
0079089473176
005491167865490
00491702337776
00525575391337
0034604230036
005491167865443
00436641345766
00436641345762
0079089473177
00447738072555
00447738072564
00436641345788
00447738072570
00436641345794
00491702337709
00436641345696
00491702337827
0034604230024
0034604230016
00436641345685
0079089473210
00491702337743
00491702337766
00436641345757
00436641345683
0034604230021
00436641345780
00436641345703
00525575391349
00525575391280
00447738072637
005491167865385
005491167865439
00436641345707
00525575391281
00436641345777
00491702337733
00491702337785
005491167865399
00491702337713
00436641345753
00491702337760
0079089473160
00491702337802
00436641345741
005491167865401
00447738072615
0079089473251
00447738072581
00525575391253
0079089473236
00436641345682
00447738072539
00436641345770
00525575391313
00525575391302
005491167865442
0079089473185
00491702337795
00436641345749
0079089473220
00447738072614
00491702337752
005491167865478
00491702337717
00436641345763
00436641345688
00491702337818
0079089473142
0079089473226
00436641345717
00525575391262
00436641345684
00525575391348
00447738072633
00436641345791
0079089473181
0079089473223
00447738072560
005491167865408
00491702337791
00491702337789
0079089473249
00447738072608
00447738072528
00525575391294
0079089473195
005491167865492
005491167865410
0079089473203
00436641345760
005491167865423
