0079089478339
00436641350883
005491167871099
00491702342873
00491702342838
0079089478319
0034604235058
005491167871183
00436641350905
0034604235076
00436641350889
0079089478385
00436641350902
00447738077711
005491167871100
005491167871157
00447738077667
00491702342934
00436641350847
0034604235057
0034604235165
005491167871127
00491702342834
00436641350807
00447738077712
00436641350834
005491167871144
00447738077672
00491702342891
00491702342830
0079089478328
0079089478305
00491702342931
0034604235044
00491702342906
00491702342904
00491702342850
00491702342939
00525575396371
00436641350922
0079089478285
0079089478358
00491702342945
0034604235116
0034604235081
00436641350838
005491167871133
00436641350858
0034604235060
0034604235110
0034604235095
0034604235048
005491167871188
00436641350844
00436641350912
0079089478324
0079089478352
005491167871101
00491702342862
0079089478315
00436641350821
00491702342883
00525575396413
00436641350852
005491167871131
00447738077753
00436641350822
00491702342890
005491167871081
0034604235098
00447738077693
00447738077737
00447738077740
00447738077645
0034604235137
00436641350919
00436641350804
00525575396372
00436641350846
00447738077732
0079089478282
0079089478281
005491167871174
00436641350832
00436641350864
00491702342868
0079089478345
00447738077700
0034604235096
0079089478264
00491702342877
00436641350866
005491167871142
00491702342882
00436641350921
005491167871103
005491167871128
0079089478278
005491167871190
0079089478353
0034604235164
00447738077680
0079089478292
00491702342844
00525575396452
0079089478349
0079089478280
00491702342941
00436641350885
00436641350891
00436641350916
00436641350816
00447738077681
00436641350814
00491702342948
00447738077710
00491702342833
0034604235162
00436641350813
0079089478336
00436641350828
0079089478270
00436641350855
00525575396409
00491702342924
0034604235166
0034604235147
0079089478376
0079089478274
0079089478279
005491167871172
00447738077643
0079089478343
00491702342853
005491167871146
00491702342857
00436641350908
00447738077647
0034604235102
00491702342922
005491167871094
00491702342923
005491167871120
0034604235077
00436641350914
00447738077724
00525575396449
0079089478275
0034604235046
005491167871168
00491702342935
0034604235090
0079089478296
0079089478321
00436641350903
00447738077748
00436641350869
00436641350927
00436641350880
00447738077722
00491702342908
005491167871181
0079089478322
00447738077708
0034604235161
0079089478309
005491167871075
00491702342866
00525575396386
00436641350854
00491702342876
005491167871102
005491167871088
00447738077696
00436641350871
00491702342943
00436641350850
0034604235056
00436641350899
0079089478350
00447738077654
0034604235132
00491702342897
0034604235051
00491702342929
005491167871111
005491167871162
0034604235141
00436641350818
005491167871143
00447738077730
00447738077759
005491167871189
00491702342885
00436641350910
00491702342839
00491702342898
00491702342887
0034604235104
005491167871135
00491702342835
00491702342888
005491167871182
0034604235160
005491167871084
00447738077716
00525575396408
00491702342927
0079089478269
00447738077739
00491702342871
00491702342879
0034604235063
0079089478295
005491167871123
00436641350909
0034604235113
005491167871098
0034604235064
00525575396471
0034604235119
00436641350926
00491702342852
0034604235080
00491702342867
00491702342859
0034604235062
0079089478313
005491167871151
00436641350829
00525575396404
00436641350811
005491167871118
00525575396480
0079089478363
0079089478293
005491167871170
0079089478347
0079089478331
00436641350815
00491702342944
0034604235168
0034604235129
00491702342950
00436641350809
0034604235067
00491702342915
00525575396442
00436641350878
00447738077742
0034604235108
0079089478341
00491702342926
00436641350884
005491167871161
0079089478316
00491702342925
00491702342851
00447738077715
0079089478266
00436641350812
005491167871155
005491167871191
00491702342910
00491702342903
00491702342899
00491702342880
00447738077728
0034604235143
00447738077698
00491702342842
00525575396419
005491167871091
005491167871166
0079089478362
00436641350920
00525575396435
00491702342841
0034604235105
0034604235070
0034604235094
00491702342936
00491702342893
00491702342954
005491167871158
0034604235087
005491167871137
0034604235093
00525575396460
00525575396394
00447738077729
00491702342886
00525575396474
005491167871169
00436641350894
0034604235109
0034604235103
00447738077677
0034604235150
00525575396369
00436641350915
005491167871148
0034604235078
0079089478312
00436641350835
005491167871171
005491167871096
0079089478346
00491702342917
0034604235072
00436641350805
