0034604236610
00491702344350
00436641352377
0034604236645
00491702344417
0079089479801
00447738079236
0079089479787
00436641352355
0079089479856
00436641352340
0034604236558
00436641352384
00447738079217
005491167872593
00447738079172
00436641352367
0034604236592
00491702344443
0079089479825
00491702344390
00436641352321
0034604236605
0079089479817
0034604236573
0034604236627
0034604236653
0079089479773
0034604236636
00436641352308
00447738079239
0034604236608
005491167872605
00436641352330
0034604236628
00436641352414
00525575397948
00491702344453
00436641352309
00436641352370
0034604236562
0079089479848
00491702344377
00436641352403
005491167872661
00436641352303
0034604236601
0079089479870
0079089479872
0034604236651
00491702344400
00491702344340
005491167872663
00491702344338
00491702344369
00436641352345
005491167872582
0034604236553
00491702344360
00447738079208
0034604236614
00491702344423
00525575397881
00447738079218
00447738079161
00436641352307
0034604236575
005491167872656
0079089479774
0034604236570
00491702344348
00447738079235
005491167872687
005491167872692
00491702344445
0079089479790
00491702344454
00491702344405
00491702344334
0034604236640
0079089479836
00436641352317
0079089479808
0079089479853
0034604236658
0079089479885
0079089479883
00436641352410
00436641352383
0034604236626
005491167872626
00491702344449
00491702344438
00447738079175
00447738079233
0079089479841
00525575397957
0079089479819
00436641352424
0079089479882
0079089479766
00447738079152
0079089479876
0034604236623
00491702344451
0079089479764
0079089479771
0034604236602
00436641352313
005491167872678
00447738079247
00436641352399
0034604236656
005491167872628
0034604236582
00491702344364
0079089479772
00436641352356
0079089479777
00436641352310
00447738079256
0034604236598
0034604236620
00447738079250
00447738079204
00447738079139
005491167872683
0034604236594
00491702344406
00436641352382
0079089479877
00436641352390
00525575397909
00491702344393
00447738079145
00447738079157
0079089479805
00447738079219
00491702344382
005491167872679
00447738079261
00491702344425
0079089479851
00447738079170
0079089479778
00491702344333
00491702344354
00436641352343
005491167872599
00491702344410
00447738079223
00491702344441
0079089479854
005491167872609
00491702344349
0079089479795
0034604236650
00436641352387
00491702344343
00525575397935
005491167872665
00491702344336
00491702344416
005491167872619
005491167872581
00436641352393
005491167872662
00447738079206
0079089479815
00491702344414
0034604236629
00436641352409
005491167872585
00436641352334
00447738079240
0079089479799
0034604236652
0079089479838
00491702344376
00491702344396
00525575397859
005491167872578
0034604236612
00491702344335
0079089479770
00491702344403
00436641352420
005491167872574
00447738079155
00491702344332
0079089479793
00525575397920
00491702344331
00491702344444
005491167872654
00447738079230
005491167872645
00447738079174
00491702344409
00436641352416
00491702344440
00525575397960
005491167872601
0079089479789
00491702344450
005491167872642
00525575397943
00491702344446
0034604236637
00491702344421
00491702344430
0079089479800
00491702344424
00491702344353
005491167872668
0034604236551
00436641352411
0034604236597
00491702344358
00525575397865
00525575397899
00447738079153
00447738079227
00491702344388
00436641352322
00491702344433
00491702344352
0079089479802
00447738079162
00525575397925
00491702344411
00491702344379
0079089479847
0034604236587
00447738079180
0079089479881
00436641352332
00447738079203
00525575397951
00491702344330
00447738079173
00436641352419
00436641352315
005491167872684
0034604236593
00491702344363
00447738079201
00436641352344
00491702344442
0079089479821
0079089479886
00447738079243
00491702344426
00436641352304
00525575397887
00436641352400
0034604236634
00436641352364
00447738079245
0079089479845
00491702344341
00436641352325
00447738079164
00491702344380
0034604236607
0079089479781
00447738079197
00436641352413
0079089479824
0079089479874
0079089479820
005491167872616
00436641352406
00491702344407
00447738079252
00525575397953
00447738079212
00525575397876
00436641352311
0079089479839
005491167872587
00491702344418
00525575397945
005491167872588
0034604236566
0034604236595
00436641352407
0079089479792
00491702344448
0079089479812
00491702344452
00491702344385
0079089479784
0079089479858
0034604236613
00525575397886
00436641352328
0034604236578
0079089479837
00491702344345
00447738079195
00491702344339
0034604236564
0034604236559
00436641352373
00436641352402
00436641352362
0034604236624
00491702344447
0034604236609
00436641352327
0034604236572
00436641352352
00447738079228
0079089479862
0034604236647
0079089479857
0034604236659
0079089479833
0034604236646
005491167872676
00491702344357
005491167872682
0034604236569
00436641352423
00447738079148
