00447738079698
005491167873072
00436641352914
0079089480308
0079089480321
00491702344881
005491167873111
00491702344915
00436641352828
0034604237160
00447738079643
0034604237053
00447738079690
00491702344914
00436641352842
0079089480266
00436641352835
00447738079755
00447738079677
00491702344837
00447738079641
00447738079710
0034604237089
005491167873105
00436641352812
0079089480337
0034604237140
0034604237065
00447738079699
00491702344895
00436641352813
00436641352886
00436641352883
00436641352882
00491702344919
0034604237154
00436641352809
005491167873115
00491702344927
00447738079657
00491702344833
00447738079649
0079089480382
00491702344877
0034604237134
005491167873168
005491167873081
0079089480306
00447738079659
005491167873106
005491167873152
00447738079761
0079089480361
00525575398450
005491167873090
00447738079726
00525575398387
005491167873143
0034604237079
00525575398436
00491702344904
00436641352903
0079089480305
00436641352891
00491702344856
0079089480276
00447738079741
005491167873122
00491702344941
0079089480280
005491167873103
005491167873093
00447738079662
0034604237139
0034604237108
0079089480329
005491167873187
0034604237067
0034604237135
00491702344880
0034604237114
0034604237161
0034604237094
00491702344913
0034604237096
00436641352909
005491167873145
0034604237162
00436641352840
00447738079745
0079089480300
005491167873178
00447738079701
00447738079638
005491167873154
00447738079735
00447738079703
00491702344861
005491167873166
00491702344900
0079089480349
00491702344909
00436641352808
00447738079709
0079089480270
00436641352877
00447738079716
005491167873134
00491702344867
005491167873114
0079089480275
0079089480360
0079089480277
00447738079685
00447738079738
00491702344908
0034604237156
00491702344849
00447738079688
00491702344869
0079089480320
0034604237103
0034604237105
0034604237107
00491702344843
00436641352869
00436641352841
00436641352818
0034604237046
00436641352833
005491167873163
00436641352901
00491702344905
005491167873180
0079089480348
00436641352838
0079089480338
0034604237090
0034604237109
00436641352816
0079089480354
005491167873126
00491702344912
0034604237062
0079089480380
00447738079640
00491702344854
00436641352919
00447738079683
0034604237146
00525575398402
00436641352924
00491702344845
00436641352899
0079089480273
00491702344911
00491702344906
005491167873071
00525575398384
0034604237144
005491167873128
0034604237118
00436641352867
00436641352851
0034604237145
00525575398373
00436641352821
005491167873172
0034604237122
00491702344847
0079089480328
005491167873190
005491167873169
00491702344846
005491167873142
00491702344842
00491702344943
00447738079749
00491702344834
00525575398382
005491167873104
00436641352912
00525575398412
00491702344922
0079089480334
005491167873084
00436641352855
0034604237117
0079089480281
00436641352876
0034604237132
00436641352880
005491167873182
005491167873118
0034604237072
0034604237068
0079089480316
00525575398462
00491702344841
005491167873131
0079089480271
00491702344851
00436641352806
00447738079732
00491702344940
0079089480371
0079089480299
0079089480301
00525575398386
00491702344891
00447738079720
005491167873179
0079089480352
005491167873192
00491702344937
0079089480318
00491702344872
00525575398477
0079089480265
00436641352887
00491702344832
0034604237147
00491702344882
00436641352896
00491702344921
0034604237057
00436641352918
00447738079743
00447738079667
005491167873162
0034604237141
00525575398465
00491702344879
00447738079712
00447738079670
00436641352892
00447738079656
0079089480386
0034604237149
0034604237055
0034604237138
00436641352868
00436641352922
00436641352927
0034604237080
00436641352908
00436641352874
005491167873089
0079089480341
00491702344934
00525575398385
0034604237150
00436641352827
00436641352873
00491702344918
00525575398431
00491702344878
0034604237097
00436641352852
005491167873088
00491702344850
00525575398413
00447738079682
0079089480312
00436641352807
00436641352847
00491702344935
00525575398399
0079089480356
00525575398410
0079089480304
00525575398475
00525575398449
0079089480298
0034604237054
00525575398404
0034604237133
00436641352836
00525575398390
0079089480274
0034604237061
00447738079653
00525575398417
0079089480367
0079089480311
00491702344925
00447738079666
0034604237052
00491702344930
00491702344848
0034604237115
0079089480296
0034604237112
00491702344865
00447738079678
005491167873076
005491167873148
00491702344897
0079089480350
00436641352916
0079089480295
00447738079704
0079089480319
005491167873153
00436641352854
00447738079752
00447738079689
00436641352888
005491167873136
00436641352894
005491167873138
0034604237085
0034604237159
00447738079713
00447738079750
00525575398422
0034604237083
00447738079708
005491167873112
00447738079715
00491702344916
0034604237126
0034604237168
00491702344893
005491167873096
00491702344910
00491702344839
00491702344868
00436641352829
0034604237121
00491702344831
0034604237137
00436641352905
0034604237093
