0034604230990
00491702338764
00447738073542
00491702338719
00491702338790
00491702338706
00525575392320
0034604230971
00491702338740
00491702338788
0034604230960
005491167866981
00447738073560
005491167867002
0079089474168
00491702338806
0034604230976
00447738073527
0034604230989
005491167867036
005491167867059
0079089474226
0079089474164
00491702338782
00491702338776
005491167867046
0034604230956
0079089474216
00447738073581
0034604231018
0079089474196
00491702338732
005491167866957
0034604230961
00447738073582
0034604230938
00491702338812
0034604230946
00491702338715
0079089474182
005491167867054
005491167867008
0034604231040
00491702338744
0079089474228
0079089474202
005491167866971
0079089474239
0079089474183
00447738073523
00491702338710
00491702338784
00491702338753
00447738073623
0034604230997
0079089474157
00447738073592
0034604230980
00447738073539
00491702338827
0079089474233
0034604231027
00491702338728
0034604230933
0079089474246
00447738073544
0079089474186
00491702338757
0079089474251
00447738073615
00491702338709
00447738073595
005491167866959
0034604230945
0079089474203
0034604231039
005491167866950
005491167866945
00491702338758
00491702338828
00491702338762
0079089474260
005491167867016
00491702338748
00525575392253
0034604230927
00525575392355
0034604231025
00491702338787
005491167866960
00491702338738
00491702338769
0079089474154
00491702338778
0079089474142
0079089474229
005491167866999
00491702338786
0079089474212
005491167867026
0034604230952
00525575392326
0079089474249
00491702338717
00491702338817
0034604231017
0034604231029
005491167867057
0034604231001
005491167867012
0034604230926
0034604230969
00447738073525
0034604230977
00447738073547
00447738073634
005491167866997
0034604230951
0079089474215
0079089474217
00491702338777
0079089474177
0079089474174
0079089474162
0079089474211
0079089474140
005491167867045
00491702338739
005491167867040
005491167867039
005491167867049
00447738073575
0034604230954
0034604230936
00491702338759
0079089474194
00447738073591
00447738073577
00491702338714
0034604230957
0034604230923
00491702338821
0034604231041
0034604231038
0079089474156
0034604231016
0034604230966
0079089474149
00491702338823
0079089474197
0034604231004
00491702338771
005491167867025
00491702338731
0034604231032
0079089474250
005491167867006
0079089474254
00491702338727
0034604230937
0079089474144
00447738073620
0079089474231
0079089474147
00491702338803
00491702338754
005491167867067
00491702338750
0079089474252
0034604230930
00525575392327
0034604230984
00447738073593
005491167867027
00525575392342
0079089474185
0079089474145
0079089474243
00447738073519
00491702338737
0079089474187
00491702338804
0079089474139
00447738073567
00491702338749
0034604230979
00447738073605
00447738073586
0034604231015
0034604231023
00491702338708
0034604230967
00525575392339
005491167866992
00491702338800
0079089474176
00525575392287
00491702338785
0079089474192
00525575392281
00491702338793
0034604230973
00447738073548
00491702338742
005491167867003
00491702338716
00525575392347
00525575392291
0034604230949
0079089474219
0079089474191
005491167867053
00447738073606
0034604230929
005491167867066
00491702338779
0079089474208
0079089474258
0079089474213
005491167867035
005491167866996
005491167866973
0034604231007
00491702338707
0034604231010
00491702338792
005491167867042
005491167866949
005491167867009
005491167866965
00491702338825
005491167867005
0034604230986
0034604231005
00491702338751
0079089474262
0034604230995
00491702338811
00447738073614
0034604231021
00525575392336
00447738073596
00525575392348
0034604231022
0034604230921
0034604230940
00525575392345
0034604230925
005491167867034
00447738073637
0034604231024
0079089474245
0079089474240
005491167867051
00447738073603
005491167867062
0079089474143
005491167867000
0079089474163
005491167866991
0079089474207
00447738073601
0034604231003
0079089474224
00447738073522
00525575392318
0034604230939
0079089474160
0079089474259
00447738073563
00447738073585
005491167866947
0079089474146
005491167866969
0034604230942
0079089474190
00491702338720
0034604230996
005491167866953
00491702338813
005491167867029
00491702338736
00491702338721
005491167866988
005491167867056
